run_key	expansion_id	bar_time	age_bars	open	high	low	close	state_code	origin_atr	origin_terminal_price	raw_displacement	raw_max_displacement	raw_opposite_displacement	raw_return_depth	raw_close_path_length	raw_velocity_per_bar	raw_acceleration_per_bar2
RG3_JPN225_PERIOD_M5_1785715200_1786060800_16673594142441126755	1	1785756600	0	63276.0000000000000000	63322.0000000000000000	63228.0000000000000000	63262.0000000000000000	1	139.8755118303115808	63262.0000000000000000	0.0000000000000000	0.0000000000000000	0.0000000000000000	0.0000000000000000	0.0000000000000000	0.0000000000000000	0.0000000000000000
RG3_JPN225_PERIOD_M5_1785715200_1786060800_16673594142441126755	1	1785756900	1	63261.0000000000000000	63362.0000000000000000	63218.0000000000000000	63351.0000000000000000	1	139.8755118303115808	63262.0000000000000000	-89.0000000000000000	0.0000000000000000	89.0000000000000000	89.0000000000000000	89.0000000000000000	-89.0000000000000000	-89.0000000000000000
RG3_JPN225_PERIOD_M5_1785715200_1786060800_16673594142441126755	1	1785757200	2	63351.0000000000000000	63382.0000000000000000	63288.0000000000000000	63320.0000000000000000	1	139.8755118303115808	63262.0000000000000000	-58.0000000000000000	0.0000000000000000	89.0000000000000000	58.0000000000000000	120.0000000000000000	31.0000000000000000	120.0000000000000000
RG3_JPN225_PERIOD_M5_1785715200_1786060800_16673594142441126755	1	1785757500	3	63320.0000000000000000	63368.0000000000000000	63288.0000000000000000	63342.0000000000000000	1	139.8755118303115808	63262.0000000000000000	-80.0000000000000000	0.0000000000000000	89.0000000000000000	80.0000000000000000	142.0000000000000000	-22.0000000000000000	-53.0000000000000000
RG3_JPN225_PERIOD_M5_1785715200_1786060800_16673594142441126755	1	1785757800	4	63341.0000000000000000	63361.0000000000000000	63322.0000000000000000	63352.0000000000000000	1	139.8755118303115808	63262.0000000000000000	-90.0000000000000000	0.0000000000000000	90.0000000000000000	90.0000000000000000	152.0000000000000000	-10.0000000000000000	12.0000000000000000
RG3_JPN225_PERIOD_M5_1785715200_1786060800_16673594142441126755	1	1785758100	5	63351.0000000000000000	63462.0000000000000000	63351.0000000000000000	63458.0000000000000000	1	139.8755118303115808	63262.0000000000000000	-196.0000000000000000	0.0000000000000000	196.0000000000000000	196.0000000000000000	258.0000000000000000	-106.0000000000000000	-96.0000000000000000
RG3_JPN225_PERIOD_M5_1785715200_1786060800_16673594142441126755	1	1785758400	6	63457.0000000000000000	63478.0000000000000000	63353.0000000000000000	63360.0000000000000000	1	139.8755118303115808	63262.0000000000000000	-98.0000000000000000	0.0000000000000000	196.0000000000000000	98.0000000000000000	356.0000000000000000	98.0000000000000000	204.0000000000000000
RG3_JPN225_PERIOD_M5_1785715200_1786060800_16673594142441126755	1	1785758700	7	63364.0000000000000000	63422.0000000000000000	63351.0000000000000000	63356.0000000000000000	1	139.8755118303115808	63262.0000000000000000	-94.0000000000000000	0.0000000000000000	196.0000000000000000	94.0000000000000000	360.0000000000000000	4.0000000000000000	-94.0000000000000000
RG3_JPN225_PERIOD_M5_1785715200_1786060800_16673594142441126755	1	1785759000	8	63357.0000000000000000	63376.0000000000000000	63227.0000000000000000	63267.0000000000000000	1	139.8755118303115808	63262.0000000000000000	-5.0000000000000000	0.0000000000000000	196.0000000000000000	5.0000000000000000	449.0000000000000000	89.0000000000000000	85.0000000000000000
RG3_JPN225_PERIOD_M5_1785715200_1786060800_16673594142441126755	1	1785759300	9	63267.0000000000000000	63297.0000000000000000	63241.0000000000000000	63283.0000000000000000	1	139.8755118303115808	63262.0000000000000000	-21.0000000000000000	0.0000000000000000	196.0000000000000000	21.0000000000000000	465.0000000000000000	-16.0000000000000000	-105.0000000000000000
RG3_JPN225_PERIOD_M5_1785715200_1786060800_16673594142441126755	1	1785759600	10	63281.0000000000000000	63302.0000000000000000	63196.0000000000000000	63198.0000000000000000	1	139.8755118303115808	63262.0000000000000000	64.0000000000000000	64.0000000000000000	196.0000000000000000	0.0000000000000000	550.0000000000000000	85.0000000000000000	101.0000000000000000
RG3_JPN225_PERIOD_M5_1785715200_1786060800_16673594142441126755	1	1785759900	11	63198.0000000000000000	63227.0000000000000000	63186.0000000000000000	63227.0000000000000000	1	139.8755118303115808	63262.0000000000000000	35.0000000000000000	64.0000000000000000	196.0000000000000000	29.0000000000000000	579.0000000000000000	-29.0000000000000000	-114.0000000000000000
RG3_JPN225_PERIOD_M5_1785715200_1786060800_16673594142441126755	1	1785760200	12	63227.0000000000000000	63273.0000000000000000	63206.0000000000000000	63258.0000000000000000	1	139.8755118303115808	63262.0000000000000000	4.0000000000000000	64.0000000000000000	196.0000000000000000	60.0000000000000000	610.0000000000000000	-31.0000000000000000	-2.0000000000000000
RG3_JPN225_PERIOD_M5_1785715200_1786060800_16673594142441126755	1	1785760500	13	63258.0000000000000000	63322.0000000000000000	63243.0000000000000000	63267.0000000000000000	1	139.8755118303115808	63262.0000000000000000	-5.0000000000000000	64.0000000000000000	196.0000000000000000	69.0000000000000000	619.0000000000000000	-9.0000000000000000	22.0000000000000000
RG3_JPN225_PERIOD_M5_1785715200_1786060800_16673594142441126755	1	1785760800	14	63267.0000000000000000	63288.0000000000000000	63212.0000000000000000	63213.0000000000000000	1	139.8755118303115808	63262.0000000000000000	49.0000000000000000	64.0000000000000000	196.0000000000000000	15.0000000000000000	673.0000000000000000	54.0000000000000000	63.0000000000000000
RG3_JPN225_PERIOD_M5_1785715200_1786060800_16673594142441126755	1	1785761100	15	63217.0000000000000000	63267.0000000000000000	63120.0000000000000000	63147.0000000000000000	1	139.8755118303115808	63262.0000000000000000	115.0000000000000000	115.0000000000000000	196.0000000000000000	0.0000000000000000	739.0000000000000000	66.0000000000000000	12.0000000000000000
RG3_JPN225_PERIOD_M5_1785715200_1786060800_16673594142441126755	1	1785761400	16	63148.0000000000000000	63152.0000000000000000	63021.0000000000000000	63078.0000000000000000	1	139.8755118303115808	63262.0000000000000000	184.0000000000000000	184.0000000000000000	196.0000000000000000	0.0000000000000000	808.0000000000000000	69.0000000000000000	3.0000000000000000
RG3_JPN225_PERIOD_M5_1785715200_1786060800_16673594142441126755	1	1785761700	17	63078.0000000000000000	63162.0000000000000000	63063.0000000000000000	63148.0000000000000000	1	139.8755118303115808	63262.0000000000000000	114.0000000000000000	184.0000000000000000	196.0000000000000000	70.0000000000000000	878.0000000000000000	-70.0000000000000000	-139.0000000000000000
RG3_JPN225_PERIOD_M5_1785715200_1786060800_16673594142441126755	1	1785762000	18	63148.0000000000000000	63158.0000000000000000	63047.0000000000000000	63087.0000000000000000	1	139.8755118303115808	63262.0000000000000000	175.0000000000000000	184.0000000000000000	196.0000000000000000	9.0000000000000000	939.0000000000000000	61.0000000000000000	131.0000000000000000
RG3_JPN225_PERIOD_M5_1785715200_1786060800_16673594142441126755	1	1785762300	19	63088.0000000000000000	63092.0000000000000000	63017.0000000000000000	63033.0000000000000000	1	139.8755118303115808	63262.0000000000000000	229.0000000000000000	229.0000000000000000	196.0000000000000000	0.0000000000000000	993.0000000000000000	54.0000000000000000	-7.0000000000000000
RG3_JPN225_PERIOD_M5_1785715200_1786060800_16673594142441126755	1	1785762600	20	63033.0000000000000000	63047.0000000000000000	63002.0000000000000000	63022.0000000000000000	1	139.8755118303115808	63262.0000000000000000	240.0000000000000000	240.0000000000000000	196.0000000000000000	0.0000000000000000	1004.0000000000000000	11.0000000000000000	-43.0000000000000000
RG3_JPN225_PERIOD_M5_1785715200_1786060800_16673594142441126755	1	1785762900	21	63022.0000000000000000	63062.0000000000000000	62992.0000000000000000	63000.0000000000000000	1	139.8755118303115808	63262.0000000000000000	262.0000000000000000	262.0000000000000000	196.0000000000000000	0.0000000000000000	1026.0000000000000000	22.0000000000000000	11.0000000000000000
RG3_JPN225_PERIOD_M5_1785715200_1786060800_16673594142441126755	1	1785763200	22	63000.0000000000000000	63002.0000000000000000	62851.0000000000000000	62872.0000000000000000	1	139.8755118303115808	63262.0000000000000000	390.0000000000000000	390.0000000000000000	196.0000000000000000	0.0000000000000000	1154.0000000000000000	128.0000000000000000	106.0000000000000000
RG3_JPN225_PERIOD_M5_1785715200_1786060800_16673594142441126755	1	1785763500	23	62867.0000000000000000	62941.0000000000000000	62841.0000000000000000	62941.0000000000000000	1	139.8755118303115808	63262.0000000000000000	321.0000000000000000	390.0000000000000000	196.0000000000000000	69.0000000000000000	1223.0000000000000000	-69.0000000000000000	-197.0000000000000000
RG3_JPN225_PERIOD_M5_1785715200_1786060800_16673594142441126755	1	1785763800	24	62941.0000000000000000	62981.0000000000000000	62877.0000000000000000	62981.0000000000000000	1	139.8755118303115808	63262.0000000000000000	281.0000000000000000	390.0000000000000000	196.0000000000000000	109.0000000000000000	1263.0000000000000000	-40.0000000000000000	29.0000000000000000
RG3_JPN225_PERIOD_M5_1785715200_1786060800_16673594142441126755	1	1785764100	25	62981.0000000000000000	63006.0000000000000000	62956.0000000000000000	62980.0000000000000000	1	139.8755118303115808	63262.0000000000000000	282.0000000000000000	390.0000000000000000	196.0000000000000000	108.0000000000000000	1264.0000000000000000	1.0000000000000000	41.0000000000000000
RG3_JPN225_PERIOD_M5_1785715200_1786060800_16673594142441126755	1	1785764400	26	62982.0000000000000000	62997.0000000000000000	62937.0000000000000000	62961.0000000000000000	1	139.8755118303115808	63262.0000000000000000	301.0000000000000000	390.0000000000000000	196.0000000000000000	89.0000000000000000	1283.0000000000000000	19.0000000000000000	18.0000000000000000
RG3_JPN225_PERIOD_M5_1785715200_1786060800_16673594142441126755	1	1785764700	27	62961.0000000000000000	62977.0000000000000000	62920.0000000000000000	62931.0000000000000000	1	139.8755118303115808	63262.0000000000000000	331.0000000000000000	390.0000000000000000	196.0000000000000000	59.0000000000000000	1313.0000000000000000	30.0000000000000000	11.0000000000000000
RG3_JPN225_PERIOD_M5_1785715200_1786060800_16673594142441126755	1	1785765000	28	62931.0000000000000000	62982.0000000000000000	62923.0000000000000000	62968.0000000000000000	1	139.8755118303115808	63262.0000000000000000	294.0000000000000000	390.0000000000000000	196.0000000000000000	96.0000000000000000	1350.0000000000000000	-37.0000000000000000	-67.0000000000000000
RG3_JPN225_PERIOD_M5_1785715200_1786060800_16673594142441126755	1	1785765300	29	62967.0000000000000000	63018.0000000000000000	62963.0000000000000000	62998.0000000000000000	1	139.8755118303115808	63262.0000000000000000	264.0000000000000000	390.0000000000000000	196.0000000000000000	126.0000000000000000	1380.0000000000000000	-30.0000000000000000	7.0000000000000000
RG3_JPN225_PERIOD_M5_1785715200_1786060800_16673594142441126755	1	1785765600	30	62997.0000000000000000	62997.0000000000000000	62838.0000000000000000	62903.0000000000000000	1	139.8755118303115808	63262.0000000000000000	359.0000000000000000	390.0000000000000000	196.0000000000000000	31.0000000000000000	1475.0000000000000000	95.0000000000000000	125.0000000000000000
RG3_JPN225_PERIOD_M5_1785715200_1786060800_16673594142441126755	1	1785765900	31	62903.0000000000000000	62903.0000000000000000	62827.0000000000000000	62852.0000000000000000	1	139.8755118303115808	63262.0000000000000000	410.0000000000000000	410.0000000000000000	196.0000000000000000	0.0000000000000000	1526.0000000000000000	51.0000000000000000	-44.0000000000000000
RG3_JPN225_PERIOD_M5_1785715200_1786060800_16673594142441126755	1	1785766200	32	62852.0000000000000000	62868.0000000000000000	62833.0000000000000000	62858.0000000000000000	1	139.8755118303115808	63262.0000000000000000	404.0000000000000000	410.0000000000000000	196.0000000000000000	6.0000000000000000	1532.0000000000000000	-6.0000000000000000	-57.0000000000000000
RG3_JPN225_PERIOD_M5_1785715200_1786060800_16673594142441126755	1	1785766500	33	62855.0000000000000000	62908.0000000000000000	62828.0000000000000000	62902.0000000000000000	1	139.8755118303115808	63262.0000000000000000	360.0000000000000000	410.0000000000000000	196.0000000000000000	50.0000000000000000	1576.0000000000000000	-44.0000000000000000	-38.0000000000000000
RG3_JPN225_PERIOD_M5_1785715200_1786060800_16673594142441126755	1	1785766800	34	62901.0000000000000000	62918.0000000000000000	62844.0000000000000000	62847.0000000000000000	1	139.8755118303115808	63262.0000000000000000	415.0000000000000000	415.0000000000000000	196.0000000000000000	0.0000000000000000	1631.0000000000000000	55.0000000000000000	99.0000000000000000
RG3_JPN225_PERIOD_M5_1785715200_1786060800_16673594142441126755	1	1785767100	35	62847.0000000000000000	62872.0000000000000000	62826.0000000000000000	62833.0000000000000000	1	139.8755118303115808	63262.0000000000000000	429.0000000000000000	429.0000000000000000	196.0000000000000000	0.0000000000000000	1645.0000000000000000	14.0000000000000000	-41.0000000000000000
RG3_JPN225_PERIOD_M5_1785715200_1786060800_16673594142441126755	1	1785767400	36	62833.0000000000000000	62932.0000000000000000	62813.0000000000000000	62912.0000000000000000	1	139.8755118303115808	63262.0000000000000000	350.0000000000000000	429.0000000000000000	196.0000000000000000	79.0000000000000000	1724.0000000000000000	-79.0000000000000000	-93.0000000000000000
RG3_JPN225_PERIOD_M5_1785715200_1786060800_16673594142441126755	1	1785767700	37	62911.0000000000000000	62932.0000000000000000	62768.0000000000000000	62778.0000000000000000	1	139.8755118303115808	63262.0000000000000000	484.0000000000000000	484.0000000000000000	196.0000000000000000	0.0000000000000000	1858.0000000000000000	134.0000000000000000	213.0000000000000000
RG3_JPN225_PERIOD_M5_1785715200_1786060800_16673594142441126755	1	1785768000	38	62778.0000000000000000	62787.0000000000000000	62726.0000000000000000	62778.0000000000000000	1	139.8755118303115808	63262.0000000000000000	484.0000000000000000	484.0000000000000000	196.0000000000000000	0.0000000000000000	1858.0000000000000000	0.0000000000000000	-134.0000000000000000
RG3_JPN225_PERIOD_M5_1785715200_1786060800_16673594142441126755	1	1785768300	39	62778.0000000000000000	62781.0000000000000000	62671.0000000000000000	62732.0000000000000000	1	139.8755118303115808	63262.0000000000000000	530.0000000000000000	530.0000000000000000	196.0000000000000000	0.0000000000000000	1904.0000000000000000	46.0000000000000000	46.0000000000000000
RG3_JPN225_PERIOD_M5_1785715200_1786060800_16673594142441126755	1	1785768600	40	62736.0000000000000000	62736.0000000000000000	62603.0000000000000000	62607.0000000000000000	1	139.8755118303115808	63262.0000000000000000	655.0000000000000000	655.0000000000000000	196.0000000000000000	0.0000000000000000	2029.0000000000000000	125.0000000000000000	79.0000000000000000
RG3_JPN225_PERIOD_M5_1785715200_1786060800_16673594142441126755	1	1785768900	41	62607.0000000000000000	62631.0000000000000000	62571.0000000000000000	62611.0000000000000000	1	139.8755118303115808	63262.0000000000000000	651.0000000000000000	655.0000000000000000	196.0000000000000000	4.0000000000000000	2033.0000000000000000	-4.0000000000000000	-129.0000000000000000
RG3_JPN225_PERIOD_M5_1785715200_1786060800_16673594142441126755	1	1785769200	42	62611.0000000000000000	62611.0000000000000000	62511.0000000000000000	62531.0000000000000000	1	139.8755118303115808	63262.0000000000000000	731.0000000000000000	731.0000000000000000	196.0000000000000000	0.0000000000000000	2113.0000000000000000	80.0000000000000000	84.0000000000000000
RG3_JPN225_PERIOD_M5_1785715200_1786060800_16673594142441126755	1	1785769500	43	62532.0000000000000000	62592.0000000000000000	62477.0000000000000000	62581.0000000000000000	1	139.8755118303115808	63262.0000000000000000	681.0000000000000000	731.0000000000000000	196.0000000000000000	50.0000000000000000	2163.0000000000000000	-50.0000000000000000	-130.0000000000000000
RG3_JPN225_PERIOD_M5_1785715200_1786060800_16673594142441126755	1	1785769800	44	62581.0000000000000000	62632.0000000000000000	62556.0000000000000000	62622.0000000000000000	1	139.8755118303115808	63262.0000000000000000	640.0000000000000000	731.0000000000000000	196.0000000000000000	91.0000000000000000	2204.0000000000000000	-41.0000000000000000	9.0000000000000000
RG3_JPN225_PERIOD_M5_1785715200_1786060800_16673594142441126755	1	1785770100	45	62622.0000000000000000	62657.0000000000000000	62593.0000000000000000	62607.0000000000000000	1	139.8755118303115808	63262.0000000000000000	655.0000000000000000	731.0000000000000000	196.0000000000000000	76.0000000000000000	2219.0000000000000000	15.0000000000000000	56.0000000000000000
RG3_JPN225_PERIOD_M5_1785715200_1786060800_16673594142441126755	1	1785770400	46	62607.0000000000000000	62627.0000000000000000	62568.0000000000000000	62572.0000000000000000	1	139.8755118303115808	63262.0000000000000000	690.0000000000000000	731.0000000000000000	196.0000000000000000	41.0000000000000000	2254.0000000000000000	35.0000000000000000	20.0000000000000000
RG3_JPN225_PERIOD_M5_1785715200_1786060800_16673594142441126755	1	1785770700	47	62571.0000000000000000	62627.0000000000000000	62541.0000000000000000	62586.0000000000000000	1	139.8755118303115808	63262.0000000000000000	676.0000000000000000	731.0000000000000000	196.0000000000000000	55.0000000000000000	2268.0000000000000000	-14.0000000000000000	-49.0000000000000000
RG3_JPN225_PERIOD_M5_1785715200_1786060800_16673594142441126755	1	1785771000	48	62586.0000000000000000	62611.0000000000000000	62553.0000000000000000	62611.0000000000000000	1	139.8755118303115808	63262.0000000000000000	651.0000000000000000	731.0000000000000000	196.0000000000000000	80.0000000000000000	2293.0000000000000000	-25.0000000000000000	-11.0000000000000000
RG3_JPN225_PERIOD_M5_1785715200_1786060800_16673594142441126755	1	1785771300	49	62607.0000000000000000	62622.0000000000000000	62576.0000000000000000	62601.0000000000000000	1	139.8755118303115808	63262.0000000000000000	661.0000000000000000	731.0000000000000000	196.0000000000000000	70.0000000000000000	2303.0000000000000000	10.0000000000000000	35.0000000000000000
RG3_JPN225_PERIOD_M5_1785715200_1786060800_16673594142441126755	1	1785771600	50	62601.0000000000000000	62672.0000000000000000	62586.0000000000000000	62671.0000000000000000	1	139.8755118303115808	63262.0000000000000000	591.0000000000000000	731.0000000000000000	196.0000000000000000	140.0000000000000000	2373.0000000000000000	-70.0000000000000000	-80.0000000000000000
RG3_JPN225_PERIOD_M5_1785715200_1786060800_16673594142441126755	1	1785771900	51	62672.0000000000000000	62677.0000000000000000	62521.0000000000000000	62528.0000000000000000	1	139.8755118303115808	63262.0000000000000000	734.0000000000000000	734.0000000000000000	196.0000000000000000	0.0000000000000000	2516.0000000000000000	143.0000000000000000	213.0000000000000000
RG3_JPN225_PERIOD_M5_1785715200_1786060800_16673594142441126755	1	1785772200	52	62526.0000000000000000	62582.0000000000000000	62511.0000000000000000	62561.0000000000000000	1	139.8755118303115808	63262.0000000000000000	701.0000000000000000	734.0000000000000000	196.0000000000000000	33.0000000000000000	2549.0000000000000000	-33.0000000000000000	-176.0000000000000000
RG3_JPN225_PERIOD_M5_1785715200_1786060800_16673594142441126755	1	1785772500	53	62561.0000000000000000	62593.0000000000000000	62538.0000000000000000	62587.0000000000000000	1	139.8755118303115808	63262.0000000000000000	675.0000000000000000	734.0000000000000000	196.0000000000000000	59.0000000000000000	2575.0000000000000000	-26.0000000000000000	7.0000000000000000
RG3_JPN225_PERIOD_M5_1785715200_1786060800_16673594142441126755	1	1785772800	54	62587.0000000000000000	62632.0000000000000000	62522.0000000000000000	62572.0000000000000000	1	139.8755118303115808	63262.0000000000000000	690.0000000000000000	734.0000000000000000	196.0000000000000000	44.0000000000000000	2590.0000000000000000	15.0000000000000000	41.0000000000000000
RG3_JPN225_PERIOD_M5_1785715200_1786060800_16673594142441126755	1	1785773100	55	62572.0000000000000000	62598.0000000000000000	62547.0000000000000000	62566.0000000000000000	1	139.8755118303115808	63262.0000000000000000	696.0000000000000000	734.0000000000000000	196.0000000000000000	38.0000000000000000	2596.0000000000000000	6.0000000000000000	-9.0000000000000000
RG3_JPN225_PERIOD_M5_1785715200_1786060800_16673594142441126755	1	1785773400	56	62567.0000000000000000	62586.0000000000000000	62486.0000000000000000	62523.0000000000000000	1	139.8755118303115808	63262.0000000000000000	739.0000000000000000	739.0000000000000000	196.0000000000000000	0.0000000000000000	2639.0000000000000000	43.0000000000000000	37.0000000000000000
RG3_JPN225_PERIOD_M5_1785715200_1786060800_16673594142441126755	1	1785773700	57	62523.0000000000000000	62552.0000000000000000	62465.0000000000000000	62513.0000000000000000	1	139.8755118303115808	63262.0000000000000000	749.0000000000000000	749.0000000000000000	196.0000000000000000	0.0000000000000000	2649.0000000000000000	10.0000000000000000	-33.0000000000000000
RG3_JPN225_PERIOD_M5_1785715200_1786060800_16673594142441126755	1	1785774000	58	62512.0000000000000000	62538.0000000000000000	62472.0000000000000000	62522.0000000000000000	1	139.8755118303115808	63262.0000000000000000	740.0000000000000000	749.0000000000000000	196.0000000000000000	9.0000000000000000	2658.0000000000000000	-9.0000000000000000	-19.0000000000000000
RG3_JPN225_PERIOD_M5_1785715200_1786060800_16673594142441126755	1	1785774300	59	62523.0000000000000000	62537.0000000000000000	62424.0000000000000000	62477.0000000000000000	2	139.8755118303115808	63262.0000000000000000	785.0000000000000000	785.0000000000000000	196.0000000000000000	0.0000000000000000	2703.0000000000000000	45.0000000000000000	54.0000000000000000
RG3_JPN225_PERIOD_M5_1785715200_1786060800_16673594142441126755	2	1785779400	0	63063.0000000000000000	63208.0000000000000000	63062.0000000000000000	63157.0000000000000000	1	135.7734996590702111	63157.0000000000000000	0.0000000000000000	0.0000000000000000	0.0000000000000000	0.0000000000000000	0.0000000000000000	0.0000000000000000	0.0000000000000000
RG3_JPN225_PERIOD_M5_1785715200_1786060800_16673594142441126755	2	1785779700	1	63157.0000000000000000	63217.0000000000000000	63142.0000000000000000	63182.0000000000000000	1	135.7734996590702111	63157.0000000000000000	25.0000000000000000	25.0000000000000000	0.0000000000000000	0.0000000000000000	25.0000000000000000	25.0000000000000000	25.0000000000000000
RG3_JPN225_PERIOD_M5_1785715200_1786060800_16673594142441126755	2	1785780000	2	63179.0000000000000000	63193.0000000000000000	63052.0000000000000000	63103.0000000000000000	1	135.7734996590702111	63157.0000000000000000	-54.0000000000000000	25.0000000000000000	54.0000000000000000	79.0000000000000000	104.0000000000000000	-79.0000000000000000	-104.0000000000000000
RG3_JPN225_PERIOD_M5_1785715200_1786060800_16673594142441126755	2	1785780300	3	63104.0000000000000000	63137.0000000000000000	63059.0000000000000000	63090.0000000000000000	1	135.7734996590702111	63157.0000000000000000	-67.0000000000000000	25.0000000000000000	67.0000000000000000	92.0000000000000000	117.0000000000000000	-13.0000000000000000	66.0000000000000000
RG3_JPN225_PERIOD_M5_1785715200_1786060800_16673594142441126755	2	1785780600	4	63091.0000000000000000	63111.0000000000000000	62991.0000000000000000	63050.0000000000000000	1	135.7734996590702111	63157.0000000000000000	-107.0000000000000000	25.0000000000000000	107.0000000000000000	132.0000000000000000	157.0000000000000000	-40.0000000000000000	-27.0000000000000000
RG3_JPN225_PERIOD_M5_1785715200_1786060800_16673594142441126755	2	1785780900	5	63052.0000000000000000	63095.0000000000000000	63042.0000000000000000	63067.0000000000000000	1	135.7734996590702111	63157.0000000000000000	-90.0000000000000000	25.0000000000000000	107.0000000000000000	115.0000000000000000	174.0000000000000000	17.0000000000000000	57.0000000000000000
RG3_JPN225_PERIOD_M5_1785715200_1786060800_16673594142441126755	2	1785781200	6	63067.0000000000000000	63105.0000000000000000	63011.0000000000000000	63027.0000000000000000	1	135.7734996590702111	63157.0000000000000000	-130.0000000000000000	25.0000000000000000	130.0000000000000000	155.0000000000000000	214.0000000000000000	-40.0000000000000000	-57.0000000000000000
RG3_JPN225_PERIOD_M5_1785715200_1786060800_16673594142441126755	2	1785781500	7	63027.0000000000000000	63080.0000000000000000	62972.0000000000000000	62982.0000000000000000	1	135.7734996590702111	63157.0000000000000000	-175.0000000000000000	25.0000000000000000	175.0000000000000000	200.0000000000000000	259.0000000000000000	-45.0000000000000000	-5.0000000000000000
RG3_JPN225_PERIOD_M5_1785715200_1786060800_16673594142441126755	2	1785781800	8	62982.0000000000000000	63157.0000000000000000	62982.0000000000000000	63126.0000000000000000	1	135.7734996590702111	63157.0000000000000000	-31.0000000000000000	25.0000000000000000	175.0000000000000000	56.0000000000000000	403.0000000000000000	144.0000000000000000	189.0000000000000000
RG3_JPN225_PERIOD_M5_1785715200_1786060800_16673594142441126755	2	1785782100	9	63126.0000000000000000	63161.0000000000000000	63068.0000000000000000	63152.0000000000000000	1	135.7734996590702111	63157.0000000000000000	-5.0000000000000000	25.0000000000000000	175.0000000000000000	30.0000000000000000	429.0000000000000000	26.0000000000000000	-118.0000000000000000
RG3_JPN225_PERIOD_M5_1785715200_1786060800_16673594142441126755	2	1785782400	10	63152.0000000000000000	63207.0000000000000000	63142.0000000000000000	63148.0000000000000000	1	135.7734996590702111	63157.0000000000000000	-9.0000000000000000	25.0000000000000000	175.0000000000000000	34.0000000000000000	433.0000000000000000	-4.0000000000000000	-30.0000000000000000
RG3_JPN225_PERIOD_M5_1785715200_1786060800_16673594142441126755	2	1785782700	11	63146.0000000000000000	63177.0000000000000000	63125.0000000000000000	63127.0000000000000000	1	135.7734996590702111	63157.0000000000000000	-30.0000000000000000	25.0000000000000000	175.0000000000000000	55.0000000000000000	454.0000000000000000	-21.0000000000000000	-17.0000000000000000
RG3_JPN225_PERIOD_M5_1785715200_1786060800_16673594142441126755	2	1785783000	12	63127.0000000000000000	63190.0000000000000000	63097.0000000000000000	63160.0000000000000000	1	135.7734996590702111	63157.0000000000000000	3.0000000000000000	25.0000000000000000	175.0000000000000000	22.0000000000000000	487.0000000000000000	33.0000000000000000	54.0000000000000000
RG3_JPN225_PERIOD_M5_1785715200_1786060800_16673594142441126755	2	1785783300	13	63159.0000000000000000	63159.0000000000000000	63092.0000000000000000	63132.0000000000000000	1	135.7734996590702111	63157.0000000000000000	-25.0000000000000000	25.0000000000000000	175.0000000000000000	50.0000000000000000	515.0000000000000000	-28.0000000000000000	-61.0000000000000000
RG3_JPN225_PERIOD_M5_1785715200_1786060800_16673594142441126755	2	1785783600	14	63130.0000000000000000	63186.0000000000000000	63111.0000000000000000	63166.0000000000000000	1	135.7734996590702111	63157.0000000000000000	9.0000000000000000	25.0000000000000000	175.0000000000000000	16.0000000000000000	549.0000000000000000	34.0000000000000000	62.0000000000000000
RG3_JPN225_PERIOD_M5_1785715200_1786060800_16673594142441126755	2	1785783900	15	63166.0000000000000000	63211.0000000000000000	63151.0000000000000000	63172.0000000000000000	1	135.7734996590702111	63157.0000000000000000	15.0000000000000000	25.0000000000000000	175.0000000000000000	10.0000000000000000	555.0000000000000000	6.0000000000000000	-28.0000000000000000
RG3_JPN225_PERIOD_M5_1785715200_1786060800_16673594142441126755	2	1785784200	16	63174.0000000000000000	63176.0000000000000000	63132.0000000000000000	63151.0000000000000000	1	135.7734996590702111	63157.0000000000000000	-6.0000000000000000	25.0000000000000000	175.0000000000000000	31.0000000000000000	576.0000000000000000	-21.0000000000000000	-27.0000000000000000
RG3_JPN225_PERIOD_M5_1785715200_1786060800_16673594142441126755	2	1785784500	17	63151.0000000000000000	63211.0000000000000000	63096.0000000000000000	63207.0000000000000000	1	135.7734996590702111	63157.0000000000000000	50.0000000000000000	50.0000000000000000	175.0000000000000000	0.0000000000000000	632.0000000000000000	56.0000000000000000	77.0000000000000000
RG3_JPN225_PERIOD_M5_1785715200_1786060800_16673594142441126755	2	1785784800	18	63207.0000000000000000	63212.0000000000000000	63137.0000000000000000	63151.0000000000000000	1	135.7734996590702111	63157.0000000000000000	-6.0000000000000000	50.0000000000000000	175.0000000000000000	56.0000000000000000	688.0000000000000000	-56.0000000000000000	-112.0000000000000000
RG3_JPN225_PERIOD_M5_1785715200_1786060800_16673594142441126755	2	1785785100	19	63152.0000000000000000	63176.0000000000000000	63114.0000000000000000	63152.0000000000000000	1	135.7734996590702111	63157.0000000000000000	-5.0000000000000000	50.0000000000000000	175.0000000000000000	55.0000000000000000	689.0000000000000000	1.0000000000000000	57.0000000000000000
RG3_JPN225_PERIOD_M5_1785715200_1786060800_16673594142441126755	2	1785785400	20	63152.0000000000000000	63173.0000000000000000	63098.0000000000000000	63128.0000000000000000	1	135.7734996590702111	63157.0000000000000000	-29.0000000000000000	50.0000000000000000	175.0000000000000000	79.0000000000000000	713.0000000000000000	-24.0000000000000000	-25.0000000000000000
RG3_JPN225_PERIOD_M5_1785715200_1786060800_16673594142441126755	2	1785785700	21	63126.0000000000000000	63136.0000000000000000	63063.0000000000000000	63068.0000000000000000	1	135.7734996590702111	63157.0000000000000000	-89.0000000000000000	50.0000000000000000	175.0000000000000000	139.0000000000000000	773.0000000000000000	-60.0000000000000000	-36.0000000000000000
RG3_JPN225_PERIOD_M5_1785715200_1786060800_16673594142441126755	2	1785786000	22	63068.0000000000000000	63108.0000000000000000	63052.0000000000000000	63103.0000000000000000	1	135.7734996590702111	63157.0000000000000000	-54.0000000000000000	50.0000000000000000	175.0000000000000000	104.0000000000000000	808.0000000000000000	35.0000000000000000	95.0000000000000000
RG3_JPN225_PERIOD_M5_1785715200_1786060800_16673594142441126755	2	1785786300	23	63102.0000000000000000	63122.0000000000000000	63082.0000000000000000	63083.0000000000000000	1	135.7734996590702111	63157.0000000000000000	-74.0000000000000000	50.0000000000000000	175.0000000000000000	124.0000000000000000	828.0000000000000000	-20.0000000000000000	-55.0000000000000000
RG3_JPN225_PERIOD_M5_1785715200_1786060800_16673594142441126755	2	1785786600	24	63083.0000000000000000	63102.0000000000000000	63027.0000000000000000	63042.0000000000000000	1	135.7734996590702111	63157.0000000000000000	-115.0000000000000000	50.0000000000000000	175.0000000000000000	165.0000000000000000	869.0000000000000000	-41.0000000000000000	-21.0000000000000000
RG3_JPN225_PERIOD_M5_1785715200_1786060800_16673594142441126755	2	1785786900	25	63041.0000000000000000	63067.0000000000000000	63026.0000000000000000	63038.0000000000000000	1	135.7734996590702111	63157.0000000000000000	-119.0000000000000000	50.0000000000000000	175.0000000000000000	169.0000000000000000	873.0000000000000000	-4.0000000000000000	37.0000000000000000
RG3_JPN225_PERIOD_M5_1785715200_1786060800_16673594142441126755	2	1785787200	26	63038.0000000000000000	63057.0000000000000000	63007.0000000000000000	63042.0000000000000000	1	135.7734996590702111	63157.0000000000000000	-115.0000000000000000	50.0000000000000000	175.0000000000000000	165.0000000000000000	877.0000000000000000	4.0000000000000000	8.0000000000000000
RG3_JPN225_PERIOD_M5_1785715200_1786060800_16673594142441126755	2	1785787500	27	63042.0000000000000000	63102.0000000000000000	63023.0000000000000000	63091.0000000000000000	2	135.7734996590702111	63157.0000000000000000	-66.0000000000000000	50.0000000000000000	175.0000000000000000	116.0000000000000000	926.0000000000000000	49.0000000000000000	45.0000000000000000
RG3_JPN225_PERIOD_M5_1785715200_1786060800_16673594142441126755	3	1785792300	0	63327.0000000000000000	63336.0000000000000000	63268.0000000000000000	63278.0000000000000000	1	130.2295820582477291	63278.0000000000000000	0.0000000000000000	0.0000000000000000	0.0000000000000000	0.0000000000000000	0.0000000000000000	0.0000000000000000	0.0000000000000000
RG3_JPN225_PERIOD_M5_1785715200_1786060800_16673594142441126755	3	1785792600	1	63278.0000000000000000	63301.0000000000000000	63232.0000000000000000	63275.0000000000000000	1	130.2295820582477291	63278.0000000000000000	-3.0000000000000000	0.0000000000000000	3.0000000000000000	3.0000000000000000	3.0000000000000000	-3.0000000000000000	-3.0000000000000000
RG3_JPN225_PERIOD_M5_1785715200_1786060800_16673594142441126755	3	1785792900	2	63276.0000000000000000	63282.0000000000000000	63241.0000000000000000	63242.0000000000000000	1	130.2295820582477291	63278.0000000000000000	-36.0000000000000000	0.0000000000000000	36.0000000000000000	36.0000000000000000	36.0000000000000000	-33.0000000000000000	-30.0000000000000000
RG3_JPN225_PERIOD_M5_1785715200_1786060800_16673594142441126755	3	1785793200	3	63244.0000000000000000	63272.0000000000000000	63229.0000000000000000	63266.0000000000000000	1	130.2295820582477291	63278.0000000000000000	-12.0000000000000000	0.0000000000000000	36.0000000000000000	12.0000000000000000	60.0000000000000000	24.0000000000000000	57.0000000000000000
RG3_JPN225_PERIOD_M5_1785715200_1786060800_16673594142441126755	3	1785793500	4	63266.0000000000000000	63276.0000000000000000	63226.0000000000000000	63254.0000000000000000	1	130.2295820582477291	63278.0000000000000000	-24.0000000000000000	0.0000000000000000	36.0000000000000000	24.0000000000000000	72.0000000000000000	-12.0000000000000000	-36.0000000000000000
RG3_JPN225_PERIOD_M5_1785715200_1786060800_16673594142441126755	3	1785793800	5	63254.0000000000000000	63266.0000000000000000	63234.0000000000000000	63235.0000000000000000	1	130.2295820582477291	63278.0000000000000000	-43.0000000000000000	0.0000000000000000	43.0000000000000000	43.0000000000000000	91.0000000000000000	-19.0000000000000000	-7.0000000000000000
RG3_JPN225_PERIOD_M5_1785715200_1786060800_16673594142441126755	3	1785794100	6	63236.0000000000000000	63244.0000000000000000	63213.0000000000000000	63231.0000000000000000	1	130.2295820582477291	63278.0000000000000000	-47.0000000000000000	0.0000000000000000	47.0000000000000000	47.0000000000000000	95.0000000000000000	-4.0000000000000000	15.0000000000000000
RG3_JPN225_PERIOD_M5_1785715200_1786060800_16673594142441126755	3	1785794400	7	63231.0000000000000000	63321.0000000000000000	63231.0000000000000000	63296.0000000000000000	1	130.2295820582477291	63278.0000000000000000	18.0000000000000000	18.0000000000000000	47.0000000000000000	0.0000000000000000	160.0000000000000000	65.0000000000000000	69.0000000000000000
RG3_JPN225_PERIOD_M5_1785715200_1786060800_16673594142441126755	3	1785794700	8	63296.0000000000000000	63301.0000000000000000	63256.0000000000000000	63273.0000000000000000	1	130.2295820582477291	63278.0000000000000000	-5.0000000000000000	18.0000000000000000	47.0000000000000000	23.0000000000000000	183.0000000000000000	-23.0000000000000000	-88.0000000000000000
RG3_JPN225_PERIOD_M5_1785715200_1786060800_16673594142441126755	3	1785795000	9	63273.0000000000000000	63298.0000000000000000	63264.0000000000000000	63283.0000000000000000	1	130.2295820582477291	63278.0000000000000000	5.0000000000000000	18.0000000000000000	47.0000000000000000	13.0000000000000000	193.0000000000000000	10.0000000000000000	33.0000000000000000
RG3_JPN225_PERIOD_M5_1785715200_1786060800_16673594142441126755	3	1785795300	10	63283.0000000000000000	63310.0000000000000000	63281.0000000000000000	63298.0000000000000000	1	130.2295820582477291	63278.0000000000000000	20.0000000000000000	20.0000000000000000	47.0000000000000000	0.0000000000000000	208.0000000000000000	15.0000000000000000	5.0000000000000000
RG3_JPN225_PERIOD_M5_1785715200_1786060800_16673594142441126755	3	1785795600	11	63297.0000000000000000	63312.0000000000000000	63292.0000000000000000	63300.0000000000000000	1	130.2295820582477291	63278.0000000000000000	22.0000000000000000	22.0000000000000000	47.0000000000000000	0.0000000000000000	210.0000000000000000	2.0000000000000000	-13.0000000000000000
RG3_JPN225_PERIOD_M5_1785715200_1786060800_16673594142441126755	3	1785795900	12	63298.0000000000000000	63307.0000000000000000	63284.0000000000000000	63293.0000000000000000	1	130.2295820582477291	63278.0000000000000000	15.0000000000000000	22.0000000000000000	47.0000000000000000	7.0000000000000000	217.0000000000000000	-7.0000000000000000	-9.0000000000000000
RG3_JPN225_PERIOD_M5_1785715200_1786060800_16673594142441126755	3	1785796200	13	63293.0000000000000000	63332.0000000000000000	63293.0000000000000000	63322.0000000000000000	1	130.2295820582477291	63278.0000000000000000	44.0000000000000000	44.0000000000000000	47.0000000000000000	0.0000000000000000	246.0000000000000000	29.0000000000000000	36.0000000000000000
RG3_JPN225_PERIOD_M5_1785715200_1786060800_16673594142441126755	3	1785796500	14	63322.0000000000000000	63356.0000000000000000	63320.0000000000000000	63352.0000000000000000	1	130.2295820582477291	63278.0000000000000000	74.0000000000000000	74.0000000000000000	47.0000000000000000	0.0000000000000000	276.0000000000000000	30.0000000000000000	1.0000000000000000
RG3_JPN225_PERIOD_M5_1785715200_1786060800_16673594142441126755	3	1785796800	15	63352.0000000000000000	63381.0000000000000000	63337.0000000000000000	63362.0000000000000000	1	130.2295820582477291	63278.0000000000000000	84.0000000000000000	84.0000000000000000	47.0000000000000000	0.0000000000000000	286.0000000000000000	10.0000000000000000	-20.0000000000000000
RG3_JPN225_PERIOD_M5_1785715200_1786060800_16673594142441126755	3	1785797100	16	63361.0000000000000000	63385.0000000000000000	63352.0000000000000000	63380.0000000000000000	1	130.2295820582477291	63278.0000000000000000	102.0000000000000000	102.0000000000000000	47.0000000000000000	0.0000000000000000	304.0000000000000000	18.0000000000000000	8.0000000000000000
RG3_JPN225_PERIOD_M5_1785715200_1786060800_16673594142441126755	3	1785797400	17	63377.0000000000000000	63416.0000000000000000	63344.0000000000000000	63352.0000000000000000	1	130.2295820582477291	63278.0000000000000000	74.0000000000000000	102.0000000000000000	47.0000000000000000	28.0000000000000000	332.0000000000000000	-28.0000000000000000	-46.0000000000000000
RG3_JPN225_PERIOD_M5_1785715200_1786060800_16673594142441126755	3	1785797700	18	63347.0000000000000000	63368.0000000000000000	63314.0000000000000000	63344.0000000000000000	1	130.2295820582477291	63278.0000000000000000	66.0000000000000000	102.0000000000000000	47.0000000000000000	36.0000000000000000	340.0000000000000000	-8.0000000000000000	20.0000000000000000
RG3_JPN225_PERIOD_M5_1785715200_1786060800_16673594142441126755	3	1785798000	19	63350.0000000000000000	63372.0000000000000000	63324.0000000000000000	63367.0000000000000000	1	130.2295820582477291	63278.0000000000000000	89.0000000000000000	102.0000000000000000	47.0000000000000000	13.0000000000000000	363.0000000000000000	23.0000000000000000	31.0000000000000000
RG3_JPN225_PERIOD_M5_1785715200_1786060800_16673594142441126755	3	1785798300	20	63374.0000000000000000	63438.0000000000000000	63374.0000000000000000	63437.0000000000000000	1	130.2295820582477291	63278.0000000000000000	159.0000000000000000	159.0000000000000000	47.0000000000000000	0.0000000000000000	433.0000000000000000	70.0000000000000000	47.0000000000000000
RG3_JPN225_PERIOD_M5_1785715200_1786060800_16673594142441126755	3	1785798600	21	63438.0000000000000000	63472.0000000000000000	63435.0000000000000000	63459.0000000000000000	1	130.2295820582477291	63278.0000000000000000	181.0000000000000000	181.0000000000000000	47.0000000000000000	0.0000000000000000	455.0000000000000000	22.0000000000000000	-48.0000000000000000
RG3_JPN225_PERIOD_M5_1785715200_1786060800_16673594142441126755	3	1785798900	22	63460.0000000000000000	63521.0000000000000000	63460.0000000000000000	63516.0000000000000000	1	130.2295820582477291	63278.0000000000000000	238.0000000000000000	238.0000000000000000	47.0000000000000000	0.0000000000000000	512.0000000000000000	57.0000000000000000	35.0000000000000000
RG3_JPN225_PERIOD_M5_1785715200_1786060800_16673594142441126755	3	1785799200	23	63516.0000000000000000	63520.0000000000000000	63474.0000000000000000	63477.0000000000000000	1	130.2295820582477291	63278.0000000000000000	199.0000000000000000	238.0000000000000000	47.0000000000000000	39.0000000000000000	551.0000000000000000	-39.0000000000000000	-96.0000000000000000
RG3_JPN225_PERIOD_M5_1785715200_1786060800_16673594142441126755	3	1785799500	24	63476.0000000000000000	63497.0000000000000000	63474.0000000000000000	63490.0000000000000000	1	130.2295820582477291	63278.0000000000000000	212.0000000000000000	238.0000000000000000	47.0000000000000000	26.0000000000000000	564.0000000000000000	13.0000000000000000	52.0000000000000000
RG3_JPN225_PERIOD_M5_1785715200_1786060800_16673594142441126755	3	1785799800	25	63490.0000000000000000	63512.0000000000000000	63489.0000000000000000	63506.0000000000000000	1	130.2295820582477291	63278.0000000000000000	228.0000000000000000	238.0000000000000000	47.0000000000000000	10.0000000000000000	580.0000000000000000	16.0000000000000000	3.0000000000000000
RG3_JPN225_PERIOD_M5_1785715200_1786060800_16673594142441126755	3	1785800100	26	63512.0000000000000000	63566.0000000000000000	63509.0000000000000000	63560.0000000000000000	1	130.2295820582477291	63278.0000000000000000	282.0000000000000000	282.0000000000000000	47.0000000000000000	0.0000000000000000	634.0000000000000000	54.0000000000000000	38.0000000000000000
RG3_JPN225_PERIOD_M5_1785715200_1786060800_16673594142441126755	3	1785800400	27	63560.0000000000000000	63582.0000000000000000	63554.0000000000000000	63575.0000000000000000	1	130.2295820582477291	63278.0000000000000000	297.0000000000000000	297.0000000000000000	47.0000000000000000	0.0000000000000000	649.0000000000000000	15.0000000000000000	-39.0000000000000000
RG3_JPN225_PERIOD_M5_1785715200_1786060800_16673594142441126755	3	1785800700	28	63564.0000000000000000	63571.0000000000000000	63539.0000000000000000	63540.0000000000000000	1	130.2295820582477291	63278.0000000000000000	262.0000000000000000	297.0000000000000000	47.0000000000000000	35.0000000000000000	684.0000000000000000	-35.0000000000000000	-50.0000000000000000
RG3_JPN225_PERIOD_M5_1785715200_1786060800_16673594142441126755	3	1785801000	29	63540.0000000000000000	63541.0000000000000000	63469.0000000000000000	63470.0000000000000000	1	130.2295820582477291	63278.0000000000000000	192.0000000000000000	297.0000000000000000	47.0000000000000000	105.0000000000000000	754.0000000000000000	-70.0000000000000000	-35.0000000000000000
RG3_JPN225_PERIOD_M5_1785715200_1786060800_16673594142441126755	3	1785801300	30	63470.0000000000000000	63482.0000000000000000	63414.0000000000000000	63414.0000000000000000	1	130.2295820582477291	63278.0000000000000000	136.0000000000000000	297.0000000000000000	47.0000000000000000	161.0000000000000000	810.0000000000000000	-56.0000000000000000	14.0000000000000000
RG3_JPN225_PERIOD_M5_1785715200_1786060800_16673594142441126755	3	1785805500	31	63451.0000000000000000	63457.0000000000000000	63451.0000000000000000	63457.0000000000000000	1	130.2295820582477291	63278.0000000000000000	179.0000000000000000	297.0000000000000000	47.0000000000000000	118.0000000000000000	853.0000000000000000	43.0000000000000000	99.0000000000000000
RG3_JPN225_PERIOD_M5_1785715200_1786060800_16673594142441126755	3	1785805800	32	63438.0000000000000000	63459.0000000000000000	63438.0000000000000000	63452.0000000000000000	1	130.2295820582477291	63278.0000000000000000	174.0000000000000000	297.0000000000000000	47.0000000000000000	123.0000000000000000	858.0000000000000000	-5.0000000000000000	-48.0000000000000000
RG3_JPN225_PERIOD_M5_1785715200_1786060800_16673594142441126755	3	1785806100	33	63454.0000000000000000	63492.0000000000000000	63449.0000000000000000	63492.0000000000000000	1	130.2295820582477291	63278.0000000000000000	214.0000000000000000	297.0000000000000000	47.0000000000000000	83.0000000000000000	898.0000000000000000	40.0000000000000000	45.0000000000000000
RG3_JPN225_PERIOD_M5_1785715200_1786060800_16673594142441126755	3	1785806400	34	63484.0000000000000000	63484.0000000000000000	63469.0000000000000000	63473.0000000000000000	2	130.2295820582477291	63278.0000000000000000	195.0000000000000000	297.0000000000000000	47.0000000000000000	102.0000000000000000	917.0000000000000000	-19.0000000000000000	-59.0000000000000000
RG3_JPN225_PERIOD_M5_1785715200_1786060800_16673594142441126755	4	1785813000	0	63932.0000000000000000	63977.0000000000000000	63757.0000000000000000	63828.0000000000000000	1	124.3716320765912826	63828.0000000000000000	0.0000000000000000	0.0000000000000000	0.0000000000000000	0.0000000000000000	0.0000000000000000	0.0000000000000000	0.0000000000000000
RG3_JPN225_PERIOD_M5_1785715200_1786060800_16673594142441126755	4	1785813300	1	63827.0000000000000000	63845.0000000000000000	63554.0000000000000000	63587.0000000000000000	1	124.3716320765912826	63828.0000000000000000	-241.0000000000000000	0.0000000000000000	241.0000000000000000	241.0000000000000000	241.0000000000000000	-241.0000000000000000	-241.0000000000000000
RG3_JPN225_PERIOD_M5_1785715200_1786060800_16673594142441126755	4	1785813600	2	63584.0000000000000000	63694.0000000000000000	63514.0000000000000000	63519.0000000000000000	1	124.3716320765912826	63828.0000000000000000	-309.0000000000000000	0.0000000000000000	309.0000000000000000	309.0000000000000000	309.0000000000000000	-68.0000000000000000	173.0000000000000000
RG3_JPN225_PERIOD_M5_1785715200_1786060800_16673594142441126755	4	1785813900	3	63519.0000000000000000	63670.0000000000000000	63479.0000000000000000	63627.0000000000000000	1	124.3716320765912826	63828.0000000000000000	-201.0000000000000000	0.0000000000000000	309.0000000000000000	201.0000000000000000	417.0000000000000000	108.0000000000000000	176.0000000000000000
RG3_JPN225_PERIOD_M5_1785715200_1786060800_16673594142441126755	4	1785814200	4	63627.0000000000000000	63684.0000000000000000	63333.0000000000000000	63364.0000000000000000	1	124.3716320765912826	63828.0000000000000000	-464.0000000000000000	0.0000000000000000	464.0000000000000000	464.0000000000000000	680.0000000000000000	-263.0000000000000000	-371.0000000000000000
RG3_JPN225_PERIOD_M5_1785715200_1786060800_16673594142441126755	4	1785814500	5	63364.0000000000000000	63364.0000000000000000	63112.0000000000000000	63127.0000000000000000	1	124.3716320765912826	63828.0000000000000000	-701.0000000000000000	0.0000000000000000	701.0000000000000000	701.0000000000000000	917.0000000000000000	-237.0000000000000000	26.0000000000000000
RG3_JPN225_PERIOD_M5_1785715200_1786060800_16673594142441126755	4	1785814800	6	63127.0000000000000000	63244.0000000000000000	62962.0000000000000000	63234.0000000000000000	1	124.3716320765912826	63828.0000000000000000	-594.0000000000000000	0.0000000000000000	701.0000000000000000	594.0000000000000000	1024.0000000000000000	107.0000000000000000	344.0000000000000000
RG3_JPN225_PERIOD_M5_1785715200_1786060800_16673594142441126755	4	1785815100	7	63237.0000000000000000	63322.0000000000000000	63093.0000000000000000	63294.0000000000000000	1	124.3716320765912826	63828.0000000000000000	-534.0000000000000000	0.0000000000000000	701.0000000000000000	534.0000000000000000	1084.0000000000000000	60.0000000000000000	-47.0000000000000000
RG3_JPN225_PERIOD_M5_1785715200_1786060800_16673594142441126755	4	1785815400	8	63296.0000000000000000	63409.0000000000000000	63218.0000000000000000	63267.0000000000000000	1	124.3716320765912826	63828.0000000000000000	-561.0000000000000000	0.0000000000000000	701.0000000000000000	561.0000000000000000	1111.0000000000000000	-27.0000000000000000	-87.0000000000000000
RG3_JPN225_PERIOD_M5_1785715200_1786060800_16673594142441126755	4	1785815700	9	63263.0000000000000000	63277.0000000000000000	63111.0000000000000000	63121.0000000000000000	1	124.3716320765912826	63828.0000000000000000	-707.0000000000000000	0.0000000000000000	707.0000000000000000	707.0000000000000000	1257.0000000000000000	-146.0000000000000000	-119.0000000000000000
RG3_JPN225_PERIOD_M5_1785715200_1786060800_16673594142441126755	4	1785816000	10	63124.0000000000000000	63179.0000000000000000	62966.0000000000000000	63031.0000000000000000	1	124.3716320765912826	63828.0000000000000000	-797.0000000000000000	0.0000000000000000	797.0000000000000000	797.0000000000000000	1347.0000000000000000	-90.0000000000000000	56.0000000000000000
RG3_JPN225_PERIOD_M5_1785715200_1786060800_16673594142441126755	4	1785816300	11	63033.0000000000000000	63112.0000000000000000	62981.0000000000000000	63087.0000000000000000	1	124.3716320765912826	63828.0000000000000000	-741.0000000000000000	0.0000000000000000	797.0000000000000000	741.0000000000000000	1403.0000000000000000	56.0000000000000000	146.0000000000000000
RG3_JPN225_PERIOD_M5_1785715200_1786060800_16673594142441126755	4	1785816600	12	63081.0000000000000000	63217.0000000000000000	63047.0000000000000000	63162.0000000000000000	1	124.3716320765912826	63828.0000000000000000	-666.0000000000000000	0.0000000000000000	797.0000000000000000	666.0000000000000000	1478.0000000000000000	75.0000000000000000	19.0000000000000000
RG3_JPN225_PERIOD_M5_1785715200_1786060800_16673594142441126755	4	1785816900	13	63162.0000000000000000	63277.0000000000000000	62936.0000000000000000	62971.0000000000000000	1	124.3716320765912826	63828.0000000000000000	-857.0000000000000000	0.0000000000000000	857.0000000000000000	857.0000000000000000	1669.0000000000000000	-191.0000000000000000	-266.0000000000000000
RG3_JPN225_PERIOD_M5_1785715200_1786060800_16673594142441126755	4	1785817200	14	62974.0000000000000000	63077.0000000000000000	62911.0000000000000000	62911.0000000000000000	1	124.3716320765912826	63828.0000000000000000	-917.0000000000000000	0.0000000000000000	917.0000000000000000	917.0000000000000000	1729.0000000000000000	-60.0000000000000000	131.0000000000000000
RG3_JPN225_PERIOD_M5_1785715200_1786060800_16673594142441126755	4	1785817500	15	62915.0000000000000000	63112.0000000000000000	62878.0000000000000000	63112.0000000000000000	1	124.3716320765912826	63828.0000000000000000	-716.0000000000000000	0.0000000000000000	917.0000000000000000	716.0000000000000000	1930.0000000000000000	201.0000000000000000	261.0000000000000000
RG3_JPN225_PERIOD_M5_1785715200_1786060800_16673594142441126755	4	1785817800	16	63118.0000000000000000	63349.0000000000000000	63096.0000000000000000	63334.0000000000000000	1	124.3716320765912826	63828.0000000000000000	-494.0000000000000000	0.0000000000000000	917.0000000000000000	494.0000000000000000	2152.0000000000000000	222.0000000000000000	21.0000000000000000
RG3_JPN225_PERIOD_M5_1785715200_1786060800_16673594142441126755	4	1785818100	17	63334.0000000000000000	63369.0000000000000000	63083.0000000000000000	63084.0000000000000000	1	124.3716320765912826	63828.0000000000000000	-744.0000000000000000	0.0000000000000000	917.0000000000000000	744.0000000000000000	2402.0000000000000000	-250.0000000000000000	-472.0000000000000000
RG3_JPN225_PERIOD_M5_1785715200_1786060800_16673594142441126755	4	1785818400	18	63088.0000000000000000	63346.0000000000000000	63063.0000000000000000	63346.0000000000000000	1	124.3716320765912826	63828.0000000000000000	-482.0000000000000000	0.0000000000000000	917.0000000000000000	482.0000000000000000	2664.0000000000000000	262.0000000000000000	512.0000000000000000
RG3_JPN225_PERIOD_M5_1785715200_1786060800_16673594142441126755	4	1785818700	19	63346.0000000000000000	63466.0000000000000000	63300.0000000000000000	63433.0000000000000000	1	124.3716320765912826	63828.0000000000000000	-395.0000000000000000	0.0000000000000000	917.0000000000000000	395.0000000000000000	2751.0000000000000000	87.0000000000000000	-175.0000000000000000
RG3_JPN225_PERIOD_M5_1785715200_1786060800_16673594142441126755	4	1785819000	20	63433.0000000000000000	63691.0000000000000000	63418.0000000000000000	63670.0000000000000000	1	124.3716320765912826	63828.0000000000000000	-158.0000000000000000	0.0000000000000000	917.0000000000000000	158.0000000000000000	2988.0000000000000000	237.0000000000000000	150.0000000000000000
RG3_JPN225_PERIOD_M5_1785715200_1786060800_16673594142441126755	4	1785819300	21	63672.0000000000000000	63711.0000000000000000	63598.0000000000000000	63669.0000000000000000	1	124.3716320765912826	63828.0000000000000000	-159.0000000000000000	0.0000000000000000	917.0000000000000000	159.0000000000000000	2989.0000000000000000	-1.0000000000000000	-238.0000000000000000
RG3_JPN225_PERIOD_M5_1785715200_1786060800_16673594142441126755	4	1785819600	22	63668.0000000000000000	63688.0000000000000000	63373.0000000000000000	63382.0000000000000000	1	124.3716320765912826	63828.0000000000000000	-446.0000000000000000	0.0000000000000000	917.0000000000000000	446.0000000000000000	3276.0000000000000000	-287.0000000000000000	-286.0000000000000000
RG3_JPN225_PERIOD_M5_1785715200_1786060800_16673594142441126755	4	1785819900	23	63377.0000000000000000	63492.0000000000000000	63302.0000000000000000	63452.0000000000000000	1	124.3716320765912826	63828.0000000000000000	-376.0000000000000000	0.0000000000000000	917.0000000000000000	376.0000000000000000	3346.0000000000000000	70.0000000000000000	357.0000000000000000
RG3_JPN225_PERIOD_M5_1785715200_1786060800_16673594142441126755	4	1785820200	24	63452.0000000000000000	63469.0000000000000000	63365.0000000000000000	63419.0000000000000000	1	124.3716320765912826	63828.0000000000000000	-409.0000000000000000	0.0000000000000000	917.0000000000000000	409.0000000000000000	3379.0000000000000000	-33.0000000000000000	-103.0000000000000000
RG3_JPN225_PERIOD_M5_1785715200_1786060800_16673594142441126755	4	1785820500	25	63420.0000000000000000	63424.0000000000000000	63318.0000000000000000	63396.0000000000000000	1	124.3716320765912826	63828.0000000000000000	-432.0000000000000000	0.0000000000000000	917.0000000000000000	432.0000000000000000	3402.0000000000000000	-23.0000000000000000	10.0000000000000000
RG3_JPN225_PERIOD_M5_1785715200_1786060800_16673594142441126755	4	1785820800	26	63396.0000000000000000	63411.0000000000000000	63278.0000000000000000	63345.0000000000000000	1	124.3716320765912826	63828.0000000000000000	-483.0000000000000000	0.0000000000000000	917.0000000000000000	483.0000000000000000	3453.0000000000000000	-51.0000000000000000	-28.0000000000000000
RG3_JPN225_PERIOD_M5_1785715200_1786060800_16673594142441126755	4	1785821100	27	63345.0000000000000000	63411.0000000000000000	63323.0000000000000000	63348.0000000000000000	1	124.3716320765912826	63828.0000000000000000	-480.0000000000000000	0.0000000000000000	917.0000000000000000	480.0000000000000000	3456.0000000000000000	3.0000000000000000	54.0000000000000000
RG3_JPN225_PERIOD_M5_1785715200_1786060800_16673594142441126755	4	1785821400	28	63351.0000000000000000	63527.0000000000000000	63351.0000000000000000	63484.0000000000000000	1	124.3716320765912826	63828.0000000000000000	-344.0000000000000000	0.0000000000000000	917.0000000000000000	344.0000000000000000	3592.0000000000000000	136.0000000000000000	133.0000000000000000
RG3_JPN225_PERIOD_M5_1785715200_1786060800_16673594142441126755	4	1785821700	29	63483.0000000000000000	63541.0000000000000000	63453.0000000000000000	63477.0000000000000000	1	124.3716320765912826	63828.0000000000000000	-351.0000000000000000	0.0000000000000000	917.0000000000000000	351.0000000000000000	3599.0000000000000000	-7.0000000000000000	-143.0000000000000000
RG3_JPN225_PERIOD_M5_1785715200_1786060800_16673594142441126755	4	1785822000	30	63477.0000000000000000	63519.0000000000000000	63423.0000000000000000	63500.0000000000000000	1	124.3716320765912826	63828.0000000000000000	-328.0000000000000000	0.0000000000000000	917.0000000000000000	328.0000000000000000	3622.0000000000000000	23.0000000000000000	30.0000000000000000
RG3_JPN225_PERIOD_M5_1785715200_1786060800_16673594142441126755	4	1785822300	31	63502.0000000000000000	63509.0000000000000000	63403.0000000000000000	63437.0000000000000000	1	124.3716320765912826	63828.0000000000000000	-391.0000000000000000	0.0000000000000000	917.0000000000000000	391.0000000000000000	3685.0000000000000000	-63.0000000000000000	-86.0000000000000000
RG3_JPN225_PERIOD_M5_1785715200_1786060800_16673594142441126755	4	1785822600	32	63437.0000000000000000	63469.0000000000000000	63398.0000000000000000	63439.0000000000000000	1	124.3716320765912826	63828.0000000000000000	-389.0000000000000000	0.0000000000000000	917.0000000000000000	389.0000000000000000	3687.0000000000000000	2.0000000000000000	65.0000000000000000
RG3_JPN225_PERIOD_M5_1785715200_1786060800_16673594142441126755	4	1785822900	33	63439.0000000000000000	63461.0000000000000000	63328.0000000000000000	63336.0000000000000000	1	124.3716320765912826	63828.0000000000000000	-492.0000000000000000	0.0000000000000000	917.0000000000000000	492.0000000000000000	3790.0000000000000000	-103.0000000000000000	-105.0000000000000000
RG3_JPN225_PERIOD_M5_1785715200_1786060800_16673594142441126755	4	1785823200	34	63336.0000000000000000	63431.0000000000000000	63322.0000000000000000	63342.0000000000000000	1	124.3716320765912826	63828.0000000000000000	-486.0000000000000000	0.0000000000000000	917.0000000000000000	486.0000000000000000	3796.0000000000000000	6.0000000000000000	109.0000000000000000
RG3_JPN225_PERIOD_M5_1785715200_1786060800_16673594142441126755	4	1785823500	35	63342.0000000000000000	63406.0000000000000000	63296.0000000000000000	63362.0000000000000000	1	124.3716320765912826	63828.0000000000000000	-466.0000000000000000	0.0000000000000000	917.0000000000000000	466.0000000000000000	3816.0000000000000000	20.0000000000000000	14.0000000000000000
RG3_JPN225_PERIOD_M5_1785715200_1786060800_16673594142441126755	4	1785823800	36	63362.0000000000000000	63377.0000000000000000	63253.0000000000000000	63292.0000000000000000	1	124.3716320765912826	63828.0000000000000000	-536.0000000000000000	0.0000000000000000	917.0000000000000000	536.0000000000000000	3886.0000000000000000	-70.0000000000000000	-90.0000000000000000
RG3_JPN225_PERIOD_M5_1785715200_1786060800_16673594142441126755	4	1785824100	37	63296.0000000000000000	63323.0000000000000000	63262.0000000000000000	63300.0000000000000000	1	124.3716320765912826	63828.0000000000000000	-528.0000000000000000	0.0000000000000000	917.0000000000000000	528.0000000000000000	3894.0000000000000000	8.0000000000000000	78.0000000000000000
RG3_JPN225_PERIOD_M5_1785715200_1786060800_16673594142441126755	4	1785824400	38	63298.0000000000000000	63419.0000000000000000	63288.0000000000000000	63409.0000000000000000	1	124.3716320765912826	63828.0000000000000000	-419.0000000000000000	0.0000000000000000	917.0000000000000000	419.0000000000000000	4003.0000000000000000	109.0000000000000000	101.0000000000000000
RG3_JPN225_PERIOD_M5_1785715200_1786060800_16673594142441126755	4	1785824700	39	63409.0000000000000000	63440.0000000000000000	63348.0000000000000000	63389.0000000000000000	1	124.3716320765912826	63828.0000000000000000	-439.0000000000000000	0.0000000000000000	917.0000000000000000	439.0000000000000000	4023.0000000000000000	-20.0000000000000000	-129.0000000000000000
RG3_JPN225_PERIOD_M5_1785715200_1786060800_16673594142441126755	4	1785825000	40	63390.0000000000000000	63587.0000000000000000	63390.0000000000000000	63529.0000000000000000	1	124.3716320765912826	63828.0000000000000000	-299.0000000000000000	0.0000000000000000	917.0000000000000000	299.0000000000000000	4163.0000000000000000	140.0000000000000000	160.0000000000000000
RG3_JPN225_PERIOD_M5_1785715200_1786060800_16673594142441126755	4	1785825300	41	63523.0000000000000000	63547.0000000000000000	63453.0000000000000000	63533.0000000000000000	2	124.3716320765912826	63828.0000000000000000	-295.0000000000000000	0.0000000000000000	917.0000000000000000	295.0000000000000000	4167.0000000000000000	4.0000000000000000	-136.0000000000000000
RG3_JPN225_PERIOD_M5_1785715200_1786060800_16673594142441126755	5	1785833400	0	63843.0000000000000000	63972.0000000000000000	63833.0000000000000000	63972.0000000000000000	1	128.6324100067407131	63972.0000000000000000	0.0000000000000000	0.0000000000000000	0.0000000000000000	0.0000000000000000	0.0000000000000000	0.0000000000000000	0.0000000000000000
RG3_JPN225_PERIOD_M5_1785715200_1786060800_16673594142441126755	5	1785833700	1	63972.0000000000000000	64007.0000000000000000	63918.0000000000000000	63990.0000000000000000	1	128.6324100067407131	63972.0000000000000000	18.0000000000000000	18.0000000000000000	0.0000000000000000	0.0000000000000000	18.0000000000000000	18.0000000000000000	18.0000000000000000
RG3_JPN225_PERIOD_M5_1785715200_1786060800_16673594142441126755	5	1785834000	2	63989.0000000000000000	64011.0000000000000000	63923.0000000000000000	64000.0000000000000000	1	128.6324100067407131	63972.0000000000000000	28.0000000000000000	28.0000000000000000	0.0000000000000000	0.0000000000000000	28.0000000000000000	10.0000000000000000	-8.0000000000000000
RG3_JPN225_PERIOD_M5_1785715200_1786060800_16673594142441126755	5	1785834300	3	63993.0000000000000000	64012.0000000000000000	63968.0000000000000000	63986.0000000000000000	1	128.6324100067407131	63972.0000000000000000	14.0000000000000000	28.0000000000000000	0.0000000000000000	14.0000000000000000	42.0000000000000000	-14.0000000000000000	-24.0000000000000000
RG3_JPN225_PERIOD_M5_1785715200_1786060800_16673594142441126755	5	1785834600	4	63986.0000000000000000	64041.0000000000000000	63963.0000000000000000	64023.0000000000000000	1	128.6324100067407131	63972.0000000000000000	51.0000000000000000	51.0000000000000000	0.0000000000000000	0.0000000000000000	79.0000000000000000	37.0000000000000000	51.0000000000000000
RG3_JPN225_PERIOD_M5_1785715200_1786060800_16673594142441126755	5	1785834900	5	64024.0000000000000000	64046.0000000000000000	63953.0000000000000000	63974.0000000000000000	1	128.6324100067407131	63972.0000000000000000	2.0000000000000000	51.0000000000000000	0.0000000000000000	49.0000000000000000	128.0000000000000000	-49.0000000000000000	-86.0000000000000000
RG3_JPN225_PERIOD_M5_1785715200_1786060800_16673594142441126755	5	1785835200	6	63969.0000000000000000	64026.0000000000000000	63948.0000000000000000	63976.0000000000000000	1	128.6324100067407131	63972.0000000000000000	4.0000000000000000	51.0000000000000000	0.0000000000000000	47.0000000000000000	130.0000000000000000	2.0000000000000000	51.0000000000000000
RG3_JPN225_PERIOD_M5_1785715200_1786060800_16673594142441126755	5	1785835500	7	63970.0000000000000000	64032.0000000000000000	63918.0000000000000000	64010.0000000000000000	1	128.6324100067407131	63972.0000000000000000	38.0000000000000000	51.0000000000000000	0.0000000000000000	13.0000000000000000	164.0000000000000000	34.0000000000000000	32.0000000000000000
RG3_JPN225_PERIOD_M5_1785715200_1786060800_16673594142441126755	5	1785835800	8	63999.0000000000000000	63999.0000000000000000	63828.0000000000000000	63846.0000000000000000	1	128.6324100067407131	63972.0000000000000000	-126.0000000000000000	51.0000000000000000	126.0000000000000000	177.0000000000000000	328.0000000000000000	-164.0000000000000000	-198.0000000000000000
RG3_JPN225_PERIOD_M5_1785715200_1786060800_16673594142441126755	5	1785836100	9	63849.0000000000000000	63870.0000000000000000	63818.0000000000000000	63820.0000000000000000	1	128.6324100067407131	63972.0000000000000000	-152.0000000000000000	51.0000000000000000	152.0000000000000000	203.0000000000000000	354.0000000000000000	-26.0000000000000000	138.0000000000000000
RG3_JPN225_PERIOD_M5_1785715200_1786060800_16673594142441126755	5	1785836400	10	63823.0000000000000000	63861.0000000000000000	63808.0000000000000000	63860.0000000000000000	1	128.6324100067407131	63972.0000000000000000	-112.0000000000000000	51.0000000000000000	152.0000000000000000	163.0000000000000000	394.0000000000000000	40.0000000000000000	66.0000000000000000
RG3_JPN225_PERIOD_M5_1785715200_1786060800_16673594142441126755	5	1785836700	11	63863.0000000000000000	63901.0000000000000000	63858.0000000000000000	63865.0000000000000000	1	128.6324100067407131	63972.0000000000000000	-107.0000000000000000	51.0000000000000000	152.0000000000000000	158.0000000000000000	399.0000000000000000	5.0000000000000000	-35.0000000000000000
RG3_JPN225_PERIOD_M5_1785715200_1786060800_16673594142441126755	5	1785837000	12	63865.0000000000000000	63906.0000000000000000	63859.0000000000000000	63905.0000000000000000	1	128.6324100067407131	63972.0000000000000000	-67.0000000000000000	51.0000000000000000	152.0000000000000000	118.0000000000000000	439.0000000000000000	40.0000000000000000	35.0000000000000000
RG3_JPN225_PERIOD_M5_1785715200_1786060800_16673594142441126755	5	1785837300	13	63905.0000000000000000	63936.0000000000000000	63891.0000000000000000	63936.0000000000000000	1	128.6324100067407131	63972.0000000000000000	-36.0000000000000000	51.0000000000000000	152.0000000000000000	87.0000000000000000	470.0000000000000000	31.0000000000000000	-9.0000000000000000
RG3_JPN225_PERIOD_M5_1785715200_1786060800_16673594142441126755	5	1785837600	14	63925.0000000000000000	64061.0000000000000000	63913.0000000000000000	64027.0000000000000000	1	128.6324100067407131	63972.0000000000000000	55.0000000000000000	55.0000000000000000	152.0000000000000000	0.0000000000000000	561.0000000000000000	91.0000000000000000	60.0000000000000000
RG3_JPN225_PERIOD_M5_1785715200_1786060800_16673594142441126755	5	1785837900	15	64027.0000000000000000	64031.0000000000000000	63932.0000000000000000	63952.0000000000000000	1	128.6324100067407131	63972.0000000000000000	-20.0000000000000000	55.0000000000000000	152.0000000000000000	75.0000000000000000	636.0000000000000000	-75.0000000000000000	-166.0000000000000000
RG3_JPN225_PERIOD_M5_1785715200_1786060800_16673594142441126755	5	1785838200	16	63947.0000000000000000	63986.0000000000000000	63922.0000000000000000	63976.0000000000000000	1	128.6324100067407131	63972.0000000000000000	4.0000000000000000	55.0000000000000000	152.0000000000000000	51.0000000000000000	660.0000000000000000	24.0000000000000000	99.0000000000000000
RG3_JPN225_PERIOD_M5_1785715200_1786060800_16673594142441126755	5	1785838500	17	63975.0000000000000000	64046.0000000000000000	63957.0000000000000000	64031.0000000000000000	1	128.6324100067407131	63972.0000000000000000	59.0000000000000000	59.0000000000000000	152.0000000000000000	0.0000000000000000	715.0000000000000000	55.0000000000000000	31.0000000000000000
RG3_JPN225_PERIOD_M5_1785715200_1786060800_16673594142441126755	5	1785838800	18	64032.0000000000000000	64032.0000000000000000	63942.0000000000000000	63987.0000000000000000	1	128.6324100067407131	63972.0000000000000000	15.0000000000000000	59.0000000000000000	152.0000000000000000	44.0000000000000000	759.0000000000000000	-44.0000000000000000	-99.0000000000000000
RG3_JPN225_PERIOD_M5_1785715200_1786060800_16673594142441126755	5	1785839100	19	63987.0000000000000000	64031.0000000000000000	63976.0000000000000000	63981.0000000000000000	1	128.6324100067407131	63972.0000000000000000	9.0000000000000000	59.0000000000000000	152.0000000000000000	50.0000000000000000	765.0000000000000000	-6.0000000000000000	38.0000000000000000
RG3_JPN225_PERIOD_M5_1785715200_1786060800_16673594142441126755	5	1785839400	20	63981.0000000000000000	64036.0000000000000000	63963.0000000000000000	63998.0000000000000000	1	128.6324100067407131	63972.0000000000000000	26.0000000000000000	59.0000000000000000	152.0000000000000000	33.0000000000000000	782.0000000000000000	17.0000000000000000	23.0000000000000000
RG3_JPN225_PERIOD_M5_1785715200_1786060800_16673594142441126755	5	1785839700	21	64001.0000000000000000	64011.0000000000000000	63960.0000000000000000	64011.0000000000000000	1	128.6324100067407131	63972.0000000000000000	39.0000000000000000	59.0000000000000000	152.0000000000000000	20.0000000000000000	795.0000000000000000	13.0000000000000000	-4.0000000000000000
RG3_JPN225_PERIOD_M5_1785715200_1786060800_16673594142441126755	5	1785840000	22	64016.0000000000000000	64026.0000000000000000	63938.0000000000000000	63950.0000000000000000	1	128.6324100067407131	63972.0000000000000000	-22.0000000000000000	59.0000000000000000	152.0000000000000000	81.0000000000000000	856.0000000000000000	-61.0000000000000000	-74.0000000000000000
RG3_JPN225_PERIOD_M5_1785715200_1786060800_16673594142441126755	5	1785840300	23	63950.0000000000000000	64015.0000000000000000	63941.0000000000000000	64001.0000000000000000	1	128.6324100067407131	63972.0000000000000000	29.0000000000000000	59.0000000000000000	152.0000000000000000	30.0000000000000000	907.0000000000000000	51.0000000000000000	112.0000000000000000
RG3_JPN225_PERIOD_M5_1785715200_1786060800_16673594142441126755	5	1785840600	24	64000.0000000000000000	64016.0000000000000000	63943.0000000000000000	63947.0000000000000000	1	128.6324100067407131	63972.0000000000000000	-25.0000000000000000	59.0000000000000000	152.0000000000000000	84.0000000000000000	961.0000000000000000	-54.0000000000000000	-105.0000000000000000
RG3_JPN225_PERIOD_M5_1785715200_1786060800_16673594142441126755	5	1785840900	25	63947.0000000000000000	63962.0000000000000000	63936.0000000000000000	63952.0000000000000000	1	128.6324100067407131	63972.0000000000000000	-20.0000000000000000	59.0000000000000000	152.0000000000000000	79.0000000000000000	966.0000000000000000	5.0000000000000000	59.0000000000000000
RG3_JPN225_PERIOD_M5_1785715200_1786060800_16673594142441126755	5	1785841200	26	63952.0000000000000000	64086.0000000000000000	63872.0000000000000000	64046.0000000000000000	1	128.6324100067407131	63972.0000000000000000	74.0000000000000000	74.0000000000000000	152.0000000000000000	0.0000000000000000	1060.0000000000000000	94.0000000000000000	89.0000000000000000
RG3_JPN225_PERIOD_M5_1785715200_1786060800_16673594142441126755	5	1785841500	27	64046.0000000000000000	64116.0000000000000000	64037.0000000000000000	64107.0000000000000000	1	128.6324100067407131	63972.0000000000000000	135.0000000000000000	135.0000000000000000	152.0000000000000000	0.0000000000000000	1121.0000000000000000	61.0000000000000000	-33.0000000000000000
RG3_JPN225_PERIOD_M5_1785715200_1786060800_16673594142441126755	5	1785841800	28	64107.0000000000000000	64127.0000000000000000	64062.0000000000000000	64111.0000000000000000	1	128.6324100067407131	63972.0000000000000000	139.0000000000000000	139.0000000000000000	152.0000000000000000	0.0000000000000000	1125.0000000000000000	4.0000000000000000	-57.0000000000000000
RG3_JPN225_PERIOD_M5_1785715200_1786060800_16673594142441126755	5	1785842100	29	64111.0000000000000000	64147.0000000000000000	64077.0000000000000000	64101.0000000000000000	1	128.6324100067407131	63972.0000000000000000	129.0000000000000000	139.0000000000000000	152.0000000000000000	10.0000000000000000	1135.0000000000000000	-10.0000000000000000	-14.0000000000000000
RG3_JPN225_PERIOD_M5_1785715200_1786060800_16673594142441126755	5	1785842400	30	64101.0000000000000000	64127.0000000000000000	63981.0000000000000000	63990.0000000000000000	1	128.6324100067407131	63972.0000000000000000	18.0000000000000000	139.0000000000000000	152.0000000000000000	121.0000000000000000	1246.0000000000000000	-111.0000000000000000	-101.0000000000000000
RG3_JPN225_PERIOD_M5_1785715200_1786060800_16673594142441126755	5	1785842700	31	63995.0000000000000000	64011.0000000000000000	63911.0000000000000000	63966.0000000000000000	2	128.6324100067407131	63972.0000000000000000	-6.0000000000000000	139.0000000000000000	152.0000000000000000	145.0000000000000000	1270.0000000000000000	-24.0000000000000000	87.0000000000000000
RG3_JPN225_PERIOD_M5_1785715200_1786060800_16673594142441126755	6	1785845100	0	63756.0000000000000000	63756.0000000000000000	63683.0000000000000000	63715.0000000000000000	1	125.0036223310671772	63715.0000000000000000	0.0000000000000000	0.0000000000000000	0.0000000000000000	0.0000000000000000	0.0000000000000000	0.0000000000000000	0.0000000000000000
RG3_JPN225_PERIOD_M5_1785715200_1786060800_16673594142441126755	6	1785845400	1	63715.0000000000000000	63731.0000000000000000	63675.0000000000000000	63709.0000000000000000	1	125.0036223310671772	63715.0000000000000000	6.0000000000000000	6.0000000000000000	0.0000000000000000	0.0000000000000000	6.0000000000000000	6.0000000000000000	6.0000000000000000
RG3_JPN225_PERIOD_M5_1785715200_1786060800_16673594142441126755	6	1785845700	2	63709.0000000000000000	63709.0000000000000000	63624.0000000000000000	63666.0000000000000000	1	125.0036223310671772	63715.0000000000000000	49.0000000000000000	49.0000000000000000	0.0000000000000000	0.0000000000000000	49.0000000000000000	43.0000000000000000	37.0000000000000000
RG3_JPN225_PERIOD_M5_1785715200_1786060800_16673594142441126755	6	1785846000	3	63641.0000000000000000	63687.0000000000000000	63636.0000000000000000	63677.0000000000000000	1	125.0036223310671772	63715.0000000000000000	38.0000000000000000	49.0000000000000000	0.0000000000000000	11.0000000000000000	60.0000000000000000	-11.0000000000000000	-54.0000000000000000
RG3_JPN225_PERIOD_M5_1785715200_1786060800_16673594142441126755	6	1785846300	4	63677.0000000000000000	63721.0000000000000000	63653.0000000000000000	63720.0000000000000000	1	125.0036223310671772	63715.0000000000000000	-5.0000000000000000	49.0000000000000000	5.0000000000000000	54.0000000000000000	103.0000000000000000	-43.0000000000000000	-32.0000000000000000
RG3_JPN225_PERIOD_M5_1785715200_1786060800_16673594142441126755	6	1785846600	5	63720.0000000000000000	63742.0000000000000000	63688.0000000000000000	63737.0000000000000000	1	125.0036223310671772	63715.0000000000000000	-22.0000000000000000	49.0000000000000000	22.0000000000000000	71.0000000000000000	120.0000000000000000	-17.0000000000000000	26.0000000000000000
RG3_JPN225_PERIOD_M5_1785715200_1786060800_16673594142441126755	6	1785846900	6	63737.0000000000000000	63776.0000000000000000	63732.0000000000000000	63775.0000000000000000	1	125.0036223310671772	63715.0000000000000000	-60.0000000000000000	49.0000000000000000	60.0000000000000000	109.0000000000000000	158.0000000000000000	-38.0000000000000000	-21.0000000000000000
RG3_JPN225_PERIOD_M5_1785715200_1786060800_16673594142441126755	6	1785847200	7	63776.0000000000000000	63830.0000000000000000	63776.0000000000000000	63801.0000000000000000	1	125.0036223310671772	63715.0000000000000000	-86.0000000000000000	49.0000000000000000	86.0000000000000000	135.0000000000000000	184.0000000000000000	-26.0000000000000000	12.0000000000000000
RG3_JPN225_PERIOD_M5_1785715200_1786060800_16673594142441126755	6	1785847500	8	63801.0000000000000000	63825.0000000000000000	63736.0000000000000000	63797.0000000000000000	1	125.0036223310671772	63715.0000000000000000	-82.0000000000000000	49.0000000000000000	86.0000000000000000	131.0000000000000000	188.0000000000000000	4.0000000000000000	30.0000000000000000
RG3_JPN225_PERIOD_M5_1785715200_1786060800_16673594142441126755	6	1785847800	9	63797.0000000000000000	63797.0000000000000000	63721.0000000000000000	63727.0000000000000000	1	125.0036223310671772	63715.0000000000000000	-12.0000000000000000	49.0000000000000000	86.0000000000000000	61.0000000000000000	258.0000000000000000	70.0000000000000000	66.0000000000000000
RG3_JPN225_PERIOD_M5_1785715200_1786060800_16673594142441126755	6	1785848100	10	63727.0000000000000000	63757.0000000000000000	63695.0000000000000000	63752.0000000000000000	1	125.0036223310671772	63715.0000000000000000	-37.0000000000000000	49.0000000000000000	86.0000000000000000	86.0000000000000000	283.0000000000000000	-25.0000000000000000	-95.0000000000000000
RG3_JPN225_PERIOD_M5_1785715200_1786060800_16673594142441126755	6	1785848400	11	63752.0000000000000000	63775.0000000000000000	63698.0000000000000000	63737.0000000000000000	1	125.0036223310671772	63715.0000000000000000	-22.0000000000000000	49.0000000000000000	86.0000000000000000	71.0000000000000000	298.0000000000000000	15.0000000000000000	40.0000000000000000
RG3_JPN225_PERIOD_M5_1785715200_1786060800_16673594142441126755	6	1785848700	12	63736.0000000000000000	63846.0000000000000000	63726.0000000000000000	63832.0000000000000000	1	125.0036223310671772	63715.0000000000000000	-117.0000000000000000	49.0000000000000000	117.0000000000000000	166.0000000000000000	393.0000000000000000	-95.0000000000000000	-110.0000000000000000
RG3_JPN225_PERIOD_M5_1785715200_1786060800_16673594142441126755	6	1785849000	13	63832.0000000000000000	63882.0000000000000000	63810.0000000000000000	63851.0000000000000000	1	125.0036223310671772	63715.0000000000000000	-136.0000000000000000	49.0000000000000000	136.0000000000000000	185.0000000000000000	412.0000000000000000	-19.0000000000000000	76.0000000000000000
RG3_JPN225_PERIOD_M5_1785715200_1786060800_16673594142441126755	6	1785849300	14	63851.0000000000000000	63852.0000000000000000	63795.0000000000000000	63806.0000000000000000	1	125.0036223310671772	63715.0000000000000000	-91.0000000000000000	49.0000000000000000	136.0000000000000000	140.0000000000000000	457.0000000000000000	45.0000000000000000	64.0000000000000000
RG3_JPN225_PERIOD_M5_1785715200_1786060800_16673594142441126755	6	1785849600	15	63806.0000000000000000	63866.0000000000000000	63786.0000000000000000	63857.0000000000000000	1	125.0036223310671772	63715.0000000000000000	-142.0000000000000000	49.0000000000000000	142.0000000000000000	191.0000000000000000	508.0000000000000000	-51.0000000000000000	-96.0000000000000000
RG3_JPN225_PERIOD_M5_1785715200_1786060800_16673594142441126755	6	1785849900	16	63856.0000000000000000	63887.0000000000000000	63845.0000000000000000	63872.0000000000000000	1	125.0036223310671772	63715.0000000000000000	-157.0000000000000000	49.0000000000000000	157.0000000000000000	206.0000000000000000	523.0000000000000000	-15.0000000000000000	36.0000000000000000
RG3_JPN225_PERIOD_M5_1785715200_1786060800_16673594142441126755	6	1785850200	17	63870.0000000000000000	63932.0000000000000000	63870.0000000000000000	63905.0000000000000000	1	125.0036223310671772	63715.0000000000000000	-190.0000000000000000	49.0000000000000000	190.0000000000000000	239.0000000000000000	556.0000000000000000	-33.0000000000000000	-18.0000000000000000
RG3_JPN225_PERIOD_M5_1785715200_1786060800_16673594142441126755	6	1785850500	18	63902.0000000000000000	63915.0000000000000000	63850.0000000000000000	63887.0000000000000000	1	125.0036223310671772	63715.0000000000000000	-172.0000000000000000	49.0000000000000000	190.0000000000000000	221.0000000000000000	574.0000000000000000	18.0000000000000000	51.0000000000000000
RG3_JPN225_PERIOD_M5_1785715200_1786060800_16673594142441126755	6	1785850800	19	63890.0000000000000000	64001.0000000000000000	63846.0000000000000000	63981.0000000000000000	1	125.0036223310671772	63715.0000000000000000	-266.0000000000000000	49.0000000000000000	266.0000000000000000	315.0000000000000000	668.0000000000000000	-94.0000000000000000	-112.0000000000000000
RG3_JPN225_PERIOD_M5_1785715200_1786060800_16673594142441126755	6	1785851100	20	63978.0000000000000000	64086.0000000000000000	63963.0000000000000000	64046.0000000000000000	1	125.0036223310671772	63715.0000000000000000	-331.0000000000000000	49.0000000000000000	331.0000000000000000	380.0000000000000000	733.0000000000000000	-65.0000000000000000	29.0000000000000000
RG3_JPN225_PERIOD_M5_1785715200_1786060800_16673594142441126755	6	1785851400	21	64045.0000000000000000	64047.0000000000000000	63925.0000000000000000	63942.0000000000000000	1	125.0036223310671772	63715.0000000000000000	-227.0000000000000000	49.0000000000000000	331.0000000000000000	276.0000000000000000	837.0000000000000000	104.0000000000000000	169.0000000000000000
RG3_JPN225_PERIOD_M5_1785715200_1786060800_16673594142441126755	6	1785851700	22	63941.0000000000000000	63956.0000000000000000	63893.0000000000000000	63911.0000000000000000	1	125.0036223310671772	63715.0000000000000000	-196.0000000000000000	49.0000000000000000	331.0000000000000000	245.0000000000000000	868.0000000000000000	31.0000000000000000	-73.0000000000000000
RG3_JPN225_PERIOD_M5_1785715200_1786060800_16673594142441126755	6	1785852000	23	63911.0000000000000000	64016.0000000000000000	63906.0000000000000000	64012.0000000000000000	1	125.0036223310671772	63715.0000000000000000	-297.0000000000000000	49.0000000000000000	331.0000000000000000	346.0000000000000000	969.0000000000000000	-101.0000000000000000	-132.0000000000000000
RG3_JPN225_PERIOD_M5_1785715200_1786060800_16673594142441126755	6	1785852300	24	64012.0000000000000000	64012.0000000000000000	63975.0000000000000000	63998.0000000000000000	1	125.0036223310671772	63715.0000000000000000	-283.0000000000000000	49.0000000000000000	331.0000000000000000	332.0000000000000000	983.0000000000000000	14.0000000000000000	115.0000000000000000
RG3_JPN225_PERIOD_M5_1785715200_1786060800_16673594142441126755	6	1785852600	25	64001.0000000000000000	64042.0000000000000000	63963.0000000000000000	64006.0000000000000000	1	125.0036223310671772	63715.0000000000000000	-291.0000000000000000	49.0000000000000000	331.0000000000000000	340.0000000000000000	991.0000000000000000	-8.0000000000000000	-22.0000000000000000
RG3_JPN225_PERIOD_M5_1785715200_1786060800_16673594142441126755	6	1785852900	26	64006.0000000000000000	64032.0000000000000000	64003.0000000000000000	64027.0000000000000000	1	125.0036223310671772	63715.0000000000000000	-312.0000000000000000	49.0000000000000000	331.0000000000000000	361.0000000000000000	1012.0000000000000000	-21.0000000000000000	-13.0000000000000000
RG3_JPN225_PERIOD_M5_1785715200_1786060800_16673594142441126755	6	1785853200	27	64031.0000000000000000	64152.0000000000000000	64027.0000000000000000	64112.0000000000000000	1	125.0036223310671772	63715.0000000000000000	-397.0000000000000000	49.0000000000000000	397.0000000000000000	446.0000000000000000	1097.0000000000000000	-85.0000000000000000	-64.0000000000000000
RG3_JPN225_PERIOD_M5_1785715200_1786060800_16673594142441126755	6	1785853500	28	64112.0000000000000000	64262.0000000000000000	64105.0000000000000000	64262.0000000000000000	1	125.0036223310671772	63715.0000000000000000	-547.0000000000000000	49.0000000000000000	547.0000000000000000	596.0000000000000000	1247.0000000000000000	-150.0000000000000000	-65.0000000000000000
RG3_JPN225_PERIOD_M5_1785715200_1786060800_16673594142441126755	6	1785853800	29	64261.0000000000000000	64292.0000000000000000	64215.0000000000000000	64276.0000000000000000	1	125.0036223310671772	63715.0000000000000000	-561.0000000000000000	49.0000000000000000	561.0000000000000000	610.0000000000000000	1261.0000000000000000	-14.0000000000000000	136.0000000000000000
RG3_JPN225_PERIOD_M5_1785715200_1786060800_16673594142441126755	6	1785854100	30	64270.0000000000000000	64282.0000000000000000	64215.0000000000000000	64236.0000000000000000	1	125.0036223310671772	63715.0000000000000000	-521.0000000000000000	49.0000000000000000	561.0000000000000000	570.0000000000000000	1301.0000000000000000	40.0000000000000000	54.0000000000000000
RG3_JPN225_PERIOD_M5_1785715200_1786060800_16673594142441126755	6	1785854400	31	64231.0000000000000000	64441.0000000000000000	64148.0000000000000000	64416.0000000000000000	1	125.0036223310671772	63715.0000000000000000	-701.0000000000000000	49.0000000000000000	701.0000000000000000	750.0000000000000000	1481.0000000000000000	-180.0000000000000000	-220.0000000000000000
RG3_JPN225_PERIOD_M5_1785715200_1786060800_16673594142441126755	6	1785854700	32	64417.0000000000000000	64452.0000000000000000	64348.0000000000000000	64445.0000000000000000	1	125.0036223310671772	63715.0000000000000000	-730.0000000000000000	49.0000000000000000	730.0000000000000000	779.0000000000000000	1510.0000000000000000	-29.0000000000000000	151.0000000000000000
RG3_JPN225_PERIOD_M5_1785715200_1786060800_16673594142441126755	6	1785855000	33	64442.0000000000000000	64470.0000000000000000	64408.0000000000000000	64446.0000000000000000	1	125.0036223310671772	63715.0000000000000000	-731.0000000000000000	49.0000000000000000	731.0000000000000000	780.0000000000000000	1511.0000000000000000	-1.0000000000000000	28.0000000000000000
RG3_JPN225_PERIOD_M5_1785715200_1786060800_16673594142441126755	6	1785855300	34	64445.0000000000000000	64465.0000000000000000	64371.0000000000000000	64402.0000000000000000	1	125.0036223310671772	63715.0000000000000000	-687.0000000000000000	49.0000000000000000	731.0000000000000000	736.0000000000000000	1555.0000000000000000	44.0000000000000000	45.0000000000000000
RG3_JPN225_PERIOD_M5_1785715200_1786060800_16673594142441126755	6	1785855600	35	64400.0000000000000000	64402.0000000000000000	64281.0000000000000000	64296.0000000000000000	1	125.0036223310671772	63715.0000000000000000	-581.0000000000000000	49.0000000000000000	731.0000000000000000	630.0000000000000000	1661.0000000000000000	106.0000000000000000	62.0000000000000000
RG3_JPN225_PERIOD_M5_1785715200_1786060800_16673594142441126755	6	1785855900	36	64296.0000000000000000	64306.0000000000000000	64216.0000000000000000	64251.0000000000000000	1	125.0036223310671772	63715.0000000000000000	-536.0000000000000000	49.0000000000000000	731.0000000000000000	585.0000000000000000	1706.0000000000000000	45.0000000000000000	-61.0000000000000000
RG3_JPN225_PERIOD_M5_1785715200_1786060800_16673594142441126755	6	1785856200	37	64250.0000000000000000	64266.0000000000000000	64230.0000000000000000	64243.0000000000000000	1	125.0036223310671772	63715.0000000000000000	-528.0000000000000000	49.0000000000000000	731.0000000000000000	577.0000000000000000	1714.0000000000000000	8.0000000000000000	-37.0000000000000000
RG3_JPN225_PERIOD_M5_1785715200_1786060800_16673594142441126755	6	1785856500	38	64243.0000000000000000	64311.0000000000000000	64236.0000000000000000	64310.0000000000000000	1	125.0036223310671772	63715.0000000000000000	-595.0000000000000000	49.0000000000000000	731.0000000000000000	644.0000000000000000	1781.0000000000000000	-67.0000000000000000	-75.0000000000000000
RG3_JPN225_PERIOD_M5_1785715200_1786060800_16673594142441126755	6	1785856800	39	64311.0000000000000000	64316.0000000000000000	64266.0000000000000000	64282.0000000000000000	1	125.0036223310671772	63715.0000000000000000	-567.0000000000000000	49.0000000000000000	731.0000000000000000	616.0000000000000000	1809.0000000000000000	28.0000000000000000	95.0000000000000000
RG3_JPN225_PERIOD_M5_1785715200_1786060800_16673594142441126755	6	1785857100	40	64286.0000000000000000	64311.0000000000000000	64280.0000000000000000	64285.0000000000000000	1	125.0036223310671772	63715.0000000000000000	-570.0000000000000000	49.0000000000000000	731.0000000000000000	619.0000000000000000	1812.0000000000000000	-3.0000000000000000	-31.0000000000000000
RG3_JPN225_PERIOD_M5_1785715200_1786060800_16673594142441126755	6	1785857400	41	64279.0000000000000000	64287.0000000000000000	64220.0000000000000000	64240.0000000000000000	1	125.0036223310671772	63715.0000000000000000	-525.0000000000000000	49.0000000000000000	731.0000000000000000	574.0000000000000000	1857.0000000000000000	45.0000000000000000	48.0000000000000000
RG3_JPN225_PERIOD_M5_1785715200_1786060800_16673594142441126755	6	1785857700	42	64241.0000000000000000	64272.0000000000000000	64231.0000000000000000	64246.0000000000000000	1	125.0036223310671772	63715.0000000000000000	-531.0000000000000000	49.0000000000000000	731.0000000000000000	580.0000000000000000	1863.0000000000000000	-6.0000000000000000	-51.0000000000000000
RG3_JPN225_PERIOD_M5_1785715200_1786060800_16673594142441126755	6	1785858000	43	64246.0000000000000000	64267.0000000000000000	64236.0000000000000000	64246.0000000000000000	1	125.0036223310671772	63715.0000000000000000	-531.0000000000000000	49.0000000000000000	731.0000000000000000	580.0000000000000000	1863.0000000000000000	0.0000000000000000	6.0000000000000000
RG3_JPN225_PERIOD_M5_1785715200_1786060800_16673594142441126755	6	1785858300	44	64246.0000000000000000	64275.0000000000000000	64221.0000000000000000	64235.0000000000000000	1	125.0036223310671772	63715.0000000000000000	-520.0000000000000000	49.0000000000000000	731.0000000000000000	569.0000000000000000	1874.0000000000000000	11.0000000000000000	11.0000000000000000
RG3_JPN225_PERIOD_M5_1785715200_1786060800_16673594142441126755	6	1785858600	45	64235.0000000000000000	64257.0000000000000000	64196.0000000000000000	64206.0000000000000000	1	125.0036223310671772	63715.0000000000000000	-491.0000000000000000	49.0000000000000000	731.0000000000000000	540.0000000000000000	1903.0000000000000000	29.0000000000000000	18.0000000000000000
RG3_JPN225_PERIOD_M5_1785715200_1786060800_16673594142441126755	6	1785858900	46	64205.0000000000000000	64271.0000000000000000	64195.0000000000000000	64247.0000000000000000	1	125.0036223310671772	63715.0000000000000000	-532.0000000000000000	49.0000000000000000	731.0000000000000000	581.0000000000000000	1944.0000000000000000	-41.0000000000000000	-70.0000000000000000
RG3_JPN225_PERIOD_M5_1785715200_1786060800_16673594142441126755	6	1785859200	47	64247.0000000000000000	64291.0000000000000000	64222.0000000000000000	64256.0000000000000000	1	125.0036223310671772	63715.0000000000000000	-541.0000000000000000	49.0000000000000000	731.0000000000000000	590.0000000000000000	1953.0000000000000000	-9.0000000000000000	32.0000000000000000
RG3_JPN225_PERIOD_M5_1785715200_1786060800_16673594142441126755	6	1785859500	48	64256.0000000000000000	64301.0000000000000000	64255.0000000000000000	64257.0000000000000000	1	125.0036223310671772	63715.0000000000000000	-542.0000000000000000	49.0000000000000000	731.0000000000000000	591.0000000000000000	1954.0000000000000000	-1.0000000000000000	8.0000000000000000
RG3_JPN225_PERIOD_M5_1785715200_1786060800_16673594142441126755	6	1785859800	49	64257.0000000000000000	64301.0000000000000000	64236.0000000000000000	64285.0000000000000000	1	125.0036223310671772	63715.0000000000000000	-570.0000000000000000	49.0000000000000000	731.0000000000000000	619.0000000000000000	1982.0000000000000000	-28.0000000000000000	-27.0000000000000000
RG3_JPN225_PERIOD_M5_1785715200_1786060800_16673594142441126755	6	1785860100	50	64285.0000000000000000	64337.0000000000000000	64285.0000000000000000	64321.0000000000000000	1	125.0036223310671772	63715.0000000000000000	-606.0000000000000000	49.0000000000000000	731.0000000000000000	655.0000000000000000	2018.0000000000000000	-36.0000000000000000	-8.0000000000000000
RG3_JPN225_PERIOD_M5_1785715200_1786060800_16673594142441126755	6	1785860400	51	64322.0000000000000000	64536.0000000000000000	64321.0000000000000000	64450.0000000000000000	1	125.0036223310671772	63715.0000000000000000	-735.0000000000000000	49.0000000000000000	735.0000000000000000	784.0000000000000000	2147.0000000000000000	-129.0000000000000000	-93.0000000000000000
RG3_JPN225_PERIOD_M5_1785715200_1786060800_16673594142441126755	6	1785860700	52	64450.0000000000000000	64491.0000000000000000	64240.0000000000000000	64265.0000000000000000	1	125.0036223310671772	63715.0000000000000000	-550.0000000000000000	49.0000000000000000	735.0000000000000000	599.0000000000000000	2332.0000000000000000	185.0000000000000000	314.0000000000000000
RG3_JPN225_PERIOD_M5_1785715200_1786060800_16673594142441126755	6	1785861000	53	64261.0000000000000000	64395.0000000000000000	64196.0000000000000000	64394.0000000000000000	1	125.0036223310671772	63715.0000000000000000	-679.0000000000000000	49.0000000000000000	735.0000000000000000	728.0000000000000000	2461.0000000000000000	-129.0000000000000000	-314.0000000000000000
RG3_JPN225_PERIOD_M5_1785715200_1786060800_16673594142441126755	6	1785861300	54	64395.0000000000000000	64546.0000000000000000	64376.0000000000000000	64536.0000000000000000	1	125.0036223310671772	63715.0000000000000000	-821.0000000000000000	49.0000000000000000	821.0000000000000000	870.0000000000000000	2603.0000000000000000	-142.0000000000000000	-13.0000000000000000
RG3_JPN225_PERIOD_M5_1785715200_1786060800_16673594142441126755	6	1785861600	55	64563.0000000000000000	64722.0000000000000000	64557.0000000000000000	64632.0000000000000000	1	125.0036223310671772	63715.0000000000000000	-917.0000000000000000	49.0000000000000000	917.0000000000000000	966.0000000000000000	2699.0000000000000000	-96.0000000000000000	46.0000000000000000
RG3_JPN225_PERIOD_M5_1785715200_1786060800_16673594142441126755	6	1785861900	56	64635.0000000000000000	64695.0000000000000000	64618.0000000000000000	64665.0000000000000000	1	125.0036223310671772	63715.0000000000000000	-950.0000000000000000	49.0000000000000000	950.0000000000000000	999.0000000000000000	2732.0000000000000000	-33.0000000000000000	63.0000000000000000
RG3_JPN225_PERIOD_M5_1785715200_1786060800_16673594142441126755	6	1785862200	57	64671.0000000000000000	64772.0000000000000000	64670.0000000000000000	64761.0000000000000000	1	125.0036223310671772	63715.0000000000000000	-1046.0000000000000000	49.0000000000000000	1046.0000000000000000	1095.0000000000000000	2828.0000000000000000	-96.0000000000000000	-63.0000000000000000
RG3_JPN225_PERIOD_M5_1785715200_1786060800_16673594142441126755	6	1785862500	58	64761.0000000000000000	64762.0000000000000000	64581.0000000000000000	64622.0000000000000000	1	125.0036223310671772	63715.0000000000000000	-907.0000000000000000	49.0000000000000000	1046.0000000000000000	956.0000000000000000	2967.0000000000000000	139.0000000000000000	235.0000000000000000
RG3_JPN225_PERIOD_M5_1785715200_1786060800_16673594142441126755	6	1785862800	59	64613.0000000000000000	64667.0000000000000000	64523.0000000000000000	64637.0000000000000000	1	125.0036223310671772	63715.0000000000000000	-922.0000000000000000	49.0000000000000000	1046.0000000000000000	971.0000000000000000	2982.0000000000000000	-15.0000000000000000	-154.0000000000000000
RG3_JPN225_PERIOD_M5_1785715200_1786060800_16673594142441126755	6	1785863100	60	64633.0000000000000000	64707.0000000000000000	64626.0000000000000000	64673.0000000000000000	1	125.0036223310671772	63715.0000000000000000	-958.0000000000000000	49.0000000000000000	1046.0000000000000000	1007.0000000000000000	3018.0000000000000000	-36.0000000000000000	-21.0000000000000000
RG3_JPN225_PERIOD_M5_1785715200_1786060800_16673594142441126755	6	1785863400	61	64673.0000000000000000	64753.0000000000000000	64651.0000000000000000	64735.0000000000000000	1	125.0036223310671772	63715.0000000000000000	-1020.0000000000000000	49.0000000000000000	1046.0000000000000000	1069.0000000000000000	3080.0000000000000000	-62.0000000000000000	-26.0000000000000000
RG3_JPN225_PERIOD_M5_1785715200_1786060800_16673594142441126755	6	1785863700	62	64736.0000000000000000	64767.0000000000000000	64646.0000000000000000	64682.0000000000000000	1	125.0036223310671772	63715.0000000000000000	-967.0000000000000000	49.0000000000000000	1046.0000000000000000	1016.0000000000000000	3133.0000000000000000	53.0000000000000000	115.0000000000000000
RG3_JPN225_PERIOD_M5_1785715200_1786060800_16673594142441126755	6	1785864000	63	64681.0000000000000000	64738.0000000000000000	64621.0000000000000000	64696.0000000000000000	1	125.0036223310671772	63715.0000000000000000	-981.0000000000000000	49.0000000000000000	1046.0000000000000000	1030.0000000000000000	3147.0000000000000000	-14.0000000000000000	-67.0000000000000000
RG3_JPN225_PERIOD_M5_1785715200_1786060800_16673594142441126755	6	1785864300	64	64697.0000000000000000	64795.0000000000000000	64691.0000000000000000	64778.0000000000000000	1	125.0036223310671772	63715.0000000000000000	-1063.0000000000000000	49.0000000000000000	1063.0000000000000000	1112.0000000000000000	3229.0000000000000000	-82.0000000000000000	-68.0000000000000000
RG3_JPN225_PERIOD_M5_1785715200_1786060800_16673594142441126755	6	1785864600	65	64783.0000000000000000	64801.0000000000000000	64728.0000000000000000	64752.0000000000000000	1	125.0036223310671772	63715.0000000000000000	-1037.0000000000000000	49.0000000000000000	1063.0000000000000000	1086.0000000000000000	3255.0000000000000000	26.0000000000000000	108.0000000000000000
RG3_JPN225_PERIOD_M5_1785715200_1786060800_16673594142441126755	6	1785864900	66	64752.0000000000000000	64856.0000000000000000	64740.0000000000000000	64799.0000000000000000	1	125.0036223310671772	63715.0000000000000000	-1084.0000000000000000	49.0000000000000000	1084.0000000000000000	1133.0000000000000000	3302.0000000000000000	-47.0000000000000000	-73.0000000000000000
RG3_JPN225_PERIOD_M5_1785715200_1786060800_16673594142441126755	6	1785865200	67	64800.0000000000000000	64816.0000000000000000	64735.0000000000000000	64769.0000000000000000	1	125.0036223310671772	63715.0000000000000000	-1054.0000000000000000	49.0000000000000000	1084.0000000000000000	1103.0000000000000000	3332.0000000000000000	30.0000000000000000	77.0000000000000000
RG3_JPN225_PERIOD_M5_1785715200_1786060800_16673594142441126755	6	1785865500	68	64770.0000000000000000	64826.0000000000000000	64746.0000000000000000	64806.0000000000000000	1	125.0036223310671772	63715.0000000000000000	-1091.0000000000000000	49.0000000000000000	1091.0000000000000000	1140.0000000000000000	3369.0000000000000000	-37.0000000000000000	-67.0000000000000000
RG3_JPN225_PERIOD_M5_1785715200_1786060800_16673594142441126755	6	1785865800	69	64804.0000000000000000	64829.0000000000000000	64761.0000000000000000	64776.0000000000000000	1	125.0036223310671772	63715.0000000000000000	-1061.0000000000000000	49.0000000000000000	1091.0000000000000000	1110.0000000000000000	3399.0000000000000000	30.0000000000000000	67.0000000000000000
RG3_JPN225_PERIOD_M5_1785715200_1786060800_16673594142441126755	6	1785866100	70	64780.0000000000000000	64813.0000000000000000	64755.0000000000000000	64803.0000000000000000	1	125.0036223310671772	63715.0000000000000000	-1088.0000000000000000	49.0000000000000000	1091.0000000000000000	1137.0000000000000000	3426.0000000000000000	-27.0000000000000000	-57.0000000000000000
RG3_JPN225_PERIOD_M5_1785715200_1786060800_16673594142441126755	6	1785866400	71	64804.0000000000000000	64845.0000000000000000	64783.0000000000000000	64831.0000000000000000	1	125.0036223310671772	63715.0000000000000000	-1116.0000000000000000	49.0000000000000000	1116.0000000000000000	1165.0000000000000000	3454.0000000000000000	-28.0000000000000000	-1.0000000000000000
RG3_JPN225_PERIOD_M5_1785715200_1786060800_16673594142441126755	6	1785866700	72	64833.0000000000000000	64868.0000000000000000	64803.0000000000000000	64853.0000000000000000	1	125.0036223310671772	63715.0000000000000000	-1138.0000000000000000	49.0000000000000000	1138.0000000000000000	1187.0000000000000000	3476.0000000000000000	-22.0000000000000000	6.0000000000000000
RG3_JPN225_PERIOD_M5_1785715200_1786060800_16673594142441126755	6	1785867000	73	64855.0000000000000000	64926.0000000000000000	64836.0000000000000000	64924.0000000000000000	1	125.0036223310671772	63715.0000000000000000	-1209.0000000000000000	49.0000000000000000	1209.0000000000000000	1258.0000000000000000	3547.0000000000000000	-71.0000000000000000	-49.0000000000000000
RG3_JPN225_PERIOD_M5_1785715200_1786060800_16673594142441126755	6	1785867300	74	64923.0000000000000000	64963.0000000000000000	64909.0000000000000000	64956.0000000000000000	1	125.0036223310671772	63715.0000000000000000	-1241.0000000000000000	49.0000000000000000	1241.0000000000000000	1290.0000000000000000	3579.0000000000000000	-32.0000000000000000	39.0000000000000000
RG3_JPN225_PERIOD_M5_1785715200_1786060800_16673594142441126755	6	1785867600	75	64957.0000000000000000	64971.0000000000000000	64921.0000000000000000	64926.0000000000000000	1	125.0036223310671772	63715.0000000000000000	-1211.0000000000000000	49.0000000000000000	1241.0000000000000000	1260.0000000000000000	3609.0000000000000000	30.0000000000000000	62.0000000000000000
RG3_JPN225_PERIOD_M5_1785715200_1786060800_16673594142441126755	6	1785867900	76	64926.0000000000000000	64944.0000000000000000	64881.0000000000000000	64901.0000000000000000	1	125.0036223310671772	63715.0000000000000000	-1186.0000000000000000	49.0000000000000000	1241.0000000000000000	1235.0000000000000000	3634.0000000000000000	25.0000000000000000	-5.0000000000000000
RG3_JPN225_PERIOD_M5_1785715200_1786060800_16673594142441126755	6	1785868200	77	64901.0000000000000000	64948.0000000000000000	64867.0000000000000000	64945.0000000000000000	1	125.0036223310671772	63715.0000000000000000	-1230.0000000000000000	49.0000000000000000	1241.0000000000000000	1279.0000000000000000	3678.0000000000000000	-44.0000000000000000	-69.0000000000000000
RG3_JPN225_PERIOD_M5_1785715200_1786060800_16673594142441126755	6	1785868500	78	64943.0000000000000000	65080.0000000000000000	64943.0000000000000000	65020.0000000000000000	1	125.0036223310671772	63715.0000000000000000	-1305.0000000000000000	49.0000000000000000	1305.0000000000000000	1354.0000000000000000	3753.0000000000000000	-75.0000000000000000	-31.0000000000000000
RG3_JPN225_PERIOD_M5_1785715200_1786060800_16673594142441126755	6	1785868800	79	65020.0000000000000000	65037.0000000000000000	64961.0000000000000000	64986.0000000000000000	1	125.0036223310671772	63715.0000000000000000	-1271.0000000000000000	49.0000000000000000	1305.0000000000000000	1320.0000000000000000	3787.0000000000000000	34.0000000000000000	109.0000000000000000
RG3_JPN225_PERIOD_M5_1785715200_1786060800_16673594142441126755	6	1785869100	80	64986.0000000000000000	65039.0000000000000000	64974.0000000000000000	64976.0000000000000000	1	125.0036223310671772	63715.0000000000000000	-1261.0000000000000000	49.0000000000000000	1305.0000000000000000	1310.0000000000000000	3797.0000000000000000	10.0000000000000000	-24.0000000000000000
RG3_JPN225_PERIOD_M5_1785715200_1786060800_16673594142441126755	6	1785869400	81	64974.0000000000000000	65046.0000000000000000	64974.0000000000000000	65011.0000000000000000	1	125.0036223310671772	63715.0000000000000000	-1296.0000000000000000	49.0000000000000000	1305.0000000000000000	1345.0000000000000000	3832.0000000000000000	-35.0000000000000000	-45.0000000000000000
RG3_JPN225_PERIOD_M5_1785715200_1786060800_16673594142441126755	6	1785869700	82	65011.0000000000000000	65053.0000000000000000	65001.0000000000000000	65027.0000000000000000	1	125.0036223310671772	63715.0000000000000000	-1312.0000000000000000	49.0000000000000000	1312.0000000000000000	1361.0000000000000000	3848.0000000000000000	-16.0000000000000000	19.0000000000000000
RG3_JPN225_PERIOD_M5_1785715200_1786060800_16673594142441126755	6	1785870000	83	65028.0000000000000000	65116.0000000000000000	65026.0000000000000000	65096.0000000000000000	1	125.0036223310671772	63715.0000000000000000	-1381.0000000000000000	49.0000000000000000	1381.0000000000000000	1430.0000000000000000	3917.0000000000000000	-69.0000000000000000	-53.0000000000000000
RG3_JPN225_PERIOD_M5_1785715200_1786060800_16673594142441126755	6	1785870300	84	65098.0000000000000000	65121.0000000000000000	65083.0000000000000000	65089.0000000000000000	1	125.0036223310671772	63715.0000000000000000	-1374.0000000000000000	49.0000000000000000	1381.0000000000000000	1423.0000000000000000	3924.0000000000000000	7.0000000000000000	76.0000000000000000
RG3_JPN225_PERIOD_M5_1785715200_1786060800_16673594142441126755	6	1785870600	85	65088.0000000000000000	65092.0000000000000000	65016.0000000000000000	65051.0000000000000000	1	125.0036223310671772	63715.0000000000000000	-1336.0000000000000000	49.0000000000000000	1381.0000000000000000	1385.0000000000000000	3962.0000000000000000	38.0000000000000000	31.0000000000000000
RG3_JPN225_PERIOD_M5_1785715200_1786060800_16673594142441126755	6	1785870900	86	65051.0000000000000000	65110.0000000000000000	65041.0000000000000000	65105.0000000000000000	1	125.0036223310671772	63715.0000000000000000	-1390.0000000000000000	49.0000000000000000	1390.0000000000000000	1439.0000000000000000	4016.0000000000000000	-54.0000000000000000	-92.0000000000000000
RG3_JPN225_PERIOD_M5_1785715200_1786060800_16673594142441126755	6	1785871200	87	65105.0000000000000000	65126.0000000000000000	65093.0000000000000000	65122.0000000000000000	1	125.0036223310671772	63715.0000000000000000	-1407.0000000000000000	49.0000000000000000	1407.0000000000000000	1456.0000000000000000	4033.0000000000000000	-17.0000000000000000	37.0000000000000000
RG3_JPN225_PERIOD_M5_1785715200_1786060800_16673594142441126755	6	1785871500	88	65122.0000000000000000	65134.0000000000000000	65110.0000000000000000	65127.0000000000000000	1	125.0036223310671772	63715.0000000000000000	-1412.0000000000000000	49.0000000000000000	1412.0000000000000000	1461.0000000000000000	4038.0000000000000000	-5.0000000000000000	12.0000000000000000
RG3_JPN225_PERIOD_M5_1785715200_1786060800_16673594142441126755	6	1785871800	89	65127.0000000000000000	65177.0000000000000000	65116.0000000000000000	65176.0000000000000000	1	125.0036223310671772	63715.0000000000000000	-1461.0000000000000000	49.0000000000000000	1461.0000000000000000	1510.0000000000000000	4087.0000000000000000	-49.0000000000000000	-44.0000000000000000
RG3_JPN225_PERIOD_M5_1785715200_1786060800_16673594142441126755	6	1785872100	90	65176.0000000000000000	65183.0000000000000000	65139.0000000000000000	65146.0000000000000000	1	125.0036223310671772	63715.0000000000000000	-1431.0000000000000000	49.0000000000000000	1461.0000000000000000	1480.0000000000000000	4117.0000000000000000	30.0000000000000000	79.0000000000000000
RG3_JPN225_PERIOD_M5_1785715200_1786060800_16673594142441126755	6	1785872400	91	65146.0000000000000000	65171.0000000000000000	65125.0000000000000000	65167.0000000000000000	1	125.0036223310671772	63715.0000000000000000	-1452.0000000000000000	49.0000000000000000	1461.0000000000000000	1501.0000000000000000	4138.0000000000000000	-21.0000000000000000	-51.0000000000000000
RG3_JPN225_PERIOD_M5_1785715200_1786060800_16673594142441126755	6	1785872700	92	65167.0000000000000000	65209.0000000000000000	65165.0000000000000000	65209.0000000000000000	1	125.0036223310671772	63715.0000000000000000	-1494.0000000000000000	49.0000000000000000	1494.0000000000000000	1543.0000000000000000	4180.0000000000000000	-42.0000000000000000	-21.0000000000000000
RG3_JPN225_PERIOD_M5_1785715200_1786060800_16673594142441126755	6	1785873000	93	65211.0000000000000000	65211.0000000000000000	65176.0000000000000000	65179.0000000000000000	1	125.0036223310671772	63715.0000000000000000	-1464.0000000000000000	49.0000000000000000	1494.0000000000000000	1513.0000000000000000	4210.0000000000000000	30.0000000000000000	72.0000000000000000
RG3_JPN225_PERIOD_M5_1785715200_1786060800_16673594142441126755	6	1785873300	94	65176.0000000000000000	65212.0000000000000000	65169.0000000000000000	65209.0000000000000000	1	125.0036223310671772	63715.0000000000000000	-1494.0000000000000000	49.0000000000000000	1494.0000000000000000	1543.0000000000000000	4240.0000000000000000	-30.0000000000000000	-60.0000000000000000
RG3_JPN225_PERIOD_M5_1785715200_1786060800_16673594142441126755	6	1785873600	95	65208.0000000000000000	65259.0000000000000000	65203.0000000000000000	65252.0000000000000000	1	125.0036223310671772	63715.0000000000000000	-1537.0000000000000000	49.0000000000000000	1537.0000000000000000	1586.0000000000000000	4283.0000000000000000	-43.0000000000000000	-13.0000000000000000
RG3_JPN225_PERIOD_M5_1785715200_1786060800_16673594142441126755	6	1785873900	96	65256.0000000000000000	65264.0000000000000000	65226.0000000000000000	65247.0000000000000000	1	125.0036223310671772	63715.0000000000000000	-1532.0000000000000000	49.0000000000000000	1537.0000000000000000	1581.0000000000000000	4288.0000000000000000	5.0000000000000000	48.0000000000000000
RG3_JPN225_PERIOD_M5_1785715200_1786060800_16673594142441126755	6	1785874200	97	65247.0000000000000000	65282.0000000000000000	65240.0000000000000000	65282.0000000000000000	1	125.0036223310671772	63715.0000000000000000	-1567.0000000000000000	49.0000000000000000	1567.0000000000000000	1616.0000000000000000	4323.0000000000000000	-35.0000000000000000	-40.0000000000000000
RG3_JPN225_PERIOD_M5_1785715200_1786060800_16673594142441126755	6	1785874500	98	65282.0000000000000000	65294.0000000000000000	65256.0000000000000000	65263.0000000000000000	1	125.0036223310671772	63715.0000000000000000	-1548.0000000000000000	49.0000000000000000	1567.0000000000000000	1597.0000000000000000	4342.0000000000000000	19.0000000000000000	54.0000000000000000
RG3_JPN225_PERIOD_M5_1785715200_1786060800_16673594142441126755	6	1785874800	99	65263.0000000000000000	65299.0000000000000000	65263.0000000000000000	65299.0000000000000000	1	125.0036223310671772	63715.0000000000000000	-1584.0000000000000000	49.0000000000000000	1584.0000000000000000	1633.0000000000000000	4378.0000000000000000	-36.0000000000000000	-55.0000000000000000
RG3_JPN225_PERIOD_M5_1785715200_1786060800_16673594142441126755	6	1785875100	100	65299.0000000000000000	65352.0000000000000000	65299.0000000000000000	65341.0000000000000000	1	125.0036223310671772	63715.0000000000000000	-1626.0000000000000000	49.0000000000000000	1626.0000000000000000	1675.0000000000000000	4420.0000000000000000	-42.0000000000000000	-6.0000000000000000
RG3_JPN225_PERIOD_M5_1785715200_1786060800_16673594142441126755	6	1785875400	101	65341.0000000000000000	65344.0000000000000000	65308.0000000000000000	65334.0000000000000000	1	125.0036223310671772	63715.0000000000000000	-1619.0000000000000000	49.0000000000000000	1626.0000000000000000	1668.0000000000000000	4427.0000000000000000	7.0000000000000000	49.0000000000000000
RG3_JPN225_PERIOD_M5_1785715200_1786060800_16673594142441126755	6	1785875700	102	65334.0000000000000000	65368.0000000000000000	65333.0000000000000000	65362.0000000000000000	1	125.0036223310671772	63715.0000000000000000	-1647.0000000000000000	49.0000000000000000	1647.0000000000000000	1696.0000000000000000	4455.0000000000000000	-28.0000000000000000	-35.0000000000000000
RG3_JPN225_PERIOD_M5_1785715200_1786060800_16673594142441126755	6	1785876000	103	65362.0000000000000000	65432.0000000000000000	65361.0000000000000000	65422.0000000000000000	1	125.0036223310671772	63715.0000000000000000	-1707.0000000000000000	49.0000000000000000	1707.0000000000000000	1756.0000000000000000	4515.0000000000000000	-60.0000000000000000	-32.0000000000000000
RG3_JPN225_PERIOD_M5_1785715200_1786060800_16673594142441126755	6	1785876300	104	65424.0000000000000000	65499.0000000000000000	65413.0000000000000000	65486.0000000000000000	1	125.0036223310671772	63715.0000000000000000	-1771.0000000000000000	49.0000000000000000	1771.0000000000000000	1820.0000000000000000	4579.0000000000000000	-64.0000000000000000	-4.0000000000000000
RG3_JPN225_PERIOD_M5_1785715200_1786060800_16673594142441126755	6	1785876600	105	65483.0000000000000000	65484.0000000000000000	65350.0000000000000000	65362.0000000000000000	1	125.0036223310671772	63715.0000000000000000	-1647.0000000000000000	49.0000000000000000	1771.0000000000000000	1696.0000000000000000	4703.0000000000000000	124.0000000000000000	188.0000000000000000
RG3_JPN225_PERIOD_M5_1785715200_1786060800_16673594142441126755	6	1785876900	106	65362.0000000000000000	65391.0000000000000000	65334.0000000000000000	65359.0000000000000000	1	125.0036223310671772	63715.0000000000000000	-1644.0000000000000000	49.0000000000000000	1771.0000000000000000	1693.0000000000000000	4706.0000000000000000	3.0000000000000000	-121.0000000000000000
RG3_JPN225_PERIOD_M5_1785715200_1786060800_16673594142441126755	6	1785877200	107	65361.0000000000000000	65413.0000000000000000	65321.0000000000000000	65359.0000000000000000	1	125.0036223310671772	63715.0000000000000000	-1644.0000000000000000	49.0000000000000000	1771.0000000000000000	1693.0000000000000000	4706.0000000000000000	0.0000000000000000	-3.0000000000000000
RG3_JPN225_PERIOD_M5_1785715200_1786060800_16673594142441126755	6	1785877500	108	65356.0000000000000000	65415.0000000000000000	65341.0000000000000000	65380.0000000000000000	1	125.0036223310671772	63715.0000000000000000	-1665.0000000000000000	49.0000000000000000	1771.0000000000000000	1714.0000000000000000	4727.0000000000000000	-21.0000000000000000	-21.0000000000000000
RG3_JPN225_PERIOD_M5_1785715200_1786060800_16673594142441126755	6	1785877800	109	65380.0000000000000000	65406.0000000000000000	65360.0000000000000000	65405.0000000000000000	1	125.0036223310671772	63715.0000000000000000	-1690.0000000000000000	49.0000000000000000	1771.0000000000000000	1739.0000000000000000	4752.0000000000000000	-25.0000000000000000	-4.0000000000000000
RG3_JPN225_PERIOD_M5_1785715200_1786060800_16673594142441126755	6	1785878100	110	65405.0000000000000000	65415.0000000000000000	65373.0000000000000000	65399.0000000000000000	1	125.0036223310671772	63715.0000000000000000	-1684.0000000000000000	49.0000000000000000	1771.0000000000000000	1733.0000000000000000	4758.0000000000000000	6.0000000000000000	31.0000000000000000
RG3_JPN225_PERIOD_M5_1785715200_1786060800_16673594142441126755	6	1785878400	111	65397.0000000000000000	65439.0000000000000000	65391.0000000000000000	65420.0000000000000000	1	125.0036223310671772	63715.0000000000000000	-1705.0000000000000000	49.0000000000000000	1771.0000000000000000	1754.0000000000000000	4779.0000000000000000	-21.0000000000000000	-27.0000000000000000
RG3_JPN225_PERIOD_M5_1785715200_1786060800_16673594142441126755	6	1785878700	112	65420.0000000000000000	65433.0000000000000000	65398.0000000000000000	65430.0000000000000000	1	125.0036223310671772	63715.0000000000000000	-1715.0000000000000000	49.0000000000000000	1771.0000000000000000	1764.0000000000000000	4789.0000000000000000	-10.0000000000000000	11.0000000000000000
RG3_JPN225_PERIOD_M5_1785715200_1786060800_16673594142441126755	6	1785879000	113	65431.0000000000000000	65458.0000000000000000	65391.0000000000000000	65394.0000000000000000	1	125.0036223310671772	63715.0000000000000000	-1679.0000000000000000	49.0000000000000000	1771.0000000000000000	1728.0000000000000000	4825.0000000000000000	36.0000000000000000	46.0000000000000000
RG3_JPN225_PERIOD_M5_1785715200_1786060800_16673594142441126755	6	1785879300	114	65394.0000000000000000	65411.0000000000000000	65365.0000000000000000	65387.0000000000000000	1	125.0036223310671772	63715.0000000000000000	-1672.0000000000000000	49.0000000000000000	1771.0000000000000000	1721.0000000000000000	4832.0000000000000000	7.0000000000000000	-29.0000000000000000
RG3_JPN225_PERIOD_M5_1785715200_1786060800_16673594142441126755	6	1785879600	115	65387.0000000000000000	65396.0000000000000000	65348.0000000000000000	65377.0000000000000000	1	125.0036223310671772	63715.0000000000000000	-1662.0000000000000000	49.0000000000000000	1771.0000000000000000	1711.0000000000000000	4842.0000000000000000	10.0000000000000000	3.0000000000000000
RG3_JPN225_PERIOD_M5_1785715200_1786060800_16673594142441126755	6	1785879900	116	65377.0000000000000000	65431.0000000000000000	65377.0000000000000000	65419.0000000000000000	2	125.0036223310671772	63715.0000000000000000	-1704.0000000000000000	49.0000000000000000	1771.0000000000000000	1753.0000000000000000	4884.0000000000000000	-42.0000000000000000	-52.0000000000000000
RG3_JPN225_PERIOD_M5_1785715200_1786060800_16673594142441126755	7	1785895200	0	65584.0000000000000000	65601.0000000000000000	65556.0000000000000000	65601.0000000000000000	1	112.3709002023647372	65601.0000000000000000	0.0000000000000000	0.0000000000000000	0.0000000000000000	0.0000000000000000	0.0000000000000000	0.0000000000000000	0.0000000000000000
RG3_JPN225_PERIOD_M5_1785715200_1786060800_16673594142441126755	7	1785895500	1	65601.0000000000000000	65619.0000000000000000	65591.0000000000000000	65614.0000000000000000	1	112.3709002023647372	65601.0000000000000000	13.0000000000000000	13.0000000000000000	0.0000000000000000	0.0000000000000000	13.0000000000000000	13.0000000000000000	13.0000000000000000
RG3_JPN225_PERIOD_M5_1785715200_1786060800_16673594142441126755	7	1785895800	2	65611.0000000000000000	65734.0000000000000000	65597.0000000000000000	65704.0000000000000000	1	112.3709002023647372	65601.0000000000000000	103.0000000000000000	103.0000000000000000	0.0000000000000000	0.0000000000000000	103.0000000000000000	90.0000000000000000	77.0000000000000000
RG3_JPN225_PERIOD_M5_1785715200_1786060800_16673594142441126755	7	1785896100	3	65704.0000000000000000	65731.0000000000000000	65691.0000000000000000	65704.0000000000000000	1	112.3709002023647372	65601.0000000000000000	103.0000000000000000	103.0000000000000000	0.0000000000000000	0.0000000000000000	103.0000000000000000	0.0000000000000000	-90.0000000000000000
RG3_JPN225_PERIOD_M5_1785715200_1786060800_16673594142441126755	7	1785896400	4	65704.0000000000000000	65704.0000000000000000	65658.0000000000000000	65668.0000000000000000	1	112.3709002023647372	65601.0000000000000000	67.0000000000000000	103.0000000000000000	0.0000000000000000	36.0000000000000000	139.0000000000000000	-36.0000000000000000	-36.0000000000000000
RG3_JPN225_PERIOD_M5_1785715200_1786060800_16673594142441126755	7	1785896700	5	65661.0000000000000000	65666.0000000000000000	65638.0000000000000000	65651.0000000000000000	1	112.3709002023647372	65601.0000000000000000	50.0000000000000000	103.0000000000000000	0.0000000000000000	53.0000000000000000	156.0000000000000000	-17.0000000000000000	19.0000000000000000
RG3_JPN225_PERIOD_M5_1785715200_1786060800_16673594142441126755	7	1785897000	6	65651.0000000000000000	65679.0000000000000000	65543.0000000000000000	65571.0000000000000000	1	112.3709002023647372	65601.0000000000000000	-30.0000000000000000	103.0000000000000000	30.0000000000000000	133.0000000000000000	236.0000000000000000	-80.0000000000000000	-63.0000000000000000
RG3_JPN225_PERIOD_M5_1785715200_1786060800_16673594142441126755	7	1785897300	7	65566.0000000000000000	65619.0000000000000000	65539.0000000000000000	65609.0000000000000000	1	112.3709002023647372	65601.0000000000000000	8.0000000000000000	103.0000000000000000	30.0000000000000000	95.0000000000000000	274.0000000000000000	38.0000000000000000	118.0000000000000000
RG3_JPN225_PERIOD_M5_1785715200_1786060800_16673594142441126755	7	1785897600	8	65609.0000000000000000	65680.0000000000000000	65596.0000000000000000	65654.0000000000000000	1	112.3709002023647372	65601.0000000000000000	53.0000000000000000	103.0000000000000000	30.0000000000000000	50.0000000000000000	319.0000000000000000	45.0000000000000000	7.0000000000000000
RG3_JPN225_PERIOD_M5_1785715200_1786060800_16673594142441126755	7	1785897900	9	65654.0000000000000000	65834.0000000000000000	65572.0000000000000000	65592.0000000000000000	1	112.3709002023647372	65601.0000000000000000	-9.0000000000000000	103.0000000000000000	30.0000000000000000	112.0000000000000000	381.0000000000000000	-62.0000000000000000	-107.0000000000000000
RG3_JPN225_PERIOD_M5_1785715200_1786060800_16673594142441126755	7	1785898200	10	65592.0000000000000000	65658.0000000000000000	65493.0000000000000000	65508.0000000000000000	1	112.3709002023647372	65601.0000000000000000	-93.0000000000000000	103.0000000000000000	93.0000000000000000	196.0000000000000000	465.0000000000000000	-84.0000000000000000	-22.0000000000000000
RG3_JPN225_PERIOD_M5_1785715200_1786060800_16673594142441126755	7	1785898500	11	65509.0000000000000000	65620.0000000000000000	65479.0000000000000000	65499.0000000000000000	1	112.3709002023647372	65601.0000000000000000	-102.0000000000000000	103.0000000000000000	102.0000000000000000	205.0000000000000000	474.0000000000000000	-9.0000000000000000	75.0000000000000000
RG3_JPN225_PERIOD_M5_1785715200_1786060800_16673594142441126755	7	1785898800	12	65501.0000000000000000	65661.0000000000000000	65466.0000000000000000	65632.0000000000000000	1	112.3709002023647372	65601.0000000000000000	31.0000000000000000	103.0000000000000000	102.0000000000000000	72.0000000000000000	607.0000000000000000	133.0000000000000000	142.0000000000000000
RG3_JPN225_PERIOD_M5_1785715200_1786060800_16673594142441126755	7	1785899100	13	65635.0000000000000000	65787.0000000000000000	65558.0000000000000000	65622.0000000000000000	1	112.3709002023647372	65601.0000000000000000	21.0000000000000000	103.0000000000000000	102.0000000000000000	82.0000000000000000	617.0000000000000000	-10.0000000000000000	-143.0000000000000000
RG3_JPN225_PERIOD_M5_1785715200_1786060800_16673594142441126755	7	1785899400	14	65623.0000000000000000	65779.0000000000000000	65563.0000000000000000	65662.0000000000000000	1	112.3709002023647372	65601.0000000000000000	61.0000000000000000	103.0000000000000000	102.0000000000000000	42.0000000000000000	657.0000000000000000	40.0000000000000000	50.0000000000000000
RG3_JPN225_PERIOD_M5_1785715200_1786060800_16673594142441126755	7	1785899700	15	65661.0000000000000000	65859.0000000000000000	65615.0000000000000000	65854.0000000000000000	1	112.3709002023647372	65601.0000000000000000	253.0000000000000000	253.0000000000000000	102.0000000000000000	0.0000000000000000	849.0000000000000000	192.0000000000000000	152.0000000000000000
RG3_JPN225_PERIOD_M5_1785715200_1786060800_16673594142441126755	7	1785900000	16	65856.0000000000000000	66059.0000000000000000	65744.0000000000000000	66037.0000000000000000	1	112.3709002023647372	65601.0000000000000000	436.0000000000000000	436.0000000000000000	102.0000000000000000	0.0000000000000000	1032.0000000000000000	183.0000000000000000	-9.0000000000000000
RG3_JPN225_PERIOD_M5_1785715200_1786060800_16673594142441126755	7	1785900300	17	66041.0000000000000000	66117.0000000000000000	65907.0000000000000000	66117.0000000000000000	1	112.3709002023647372	65601.0000000000000000	516.0000000000000000	516.0000000000000000	102.0000000000000000	0.0000000000000000	1112.0000000000000000	80.0000000000000000	-103.0000000000000000
RG3_JPN225_PERIOD_M5_1785715200_1786060800_16673594142441126755	7	1785900600	18	66116.0000000000000000	66174.0000000000000000	66035.0000000000000000	66114.0000000000000000	1	112.3709002023647372	65601.0000000000000000	513.0000000000000000	516.0000000000000000	102.0000000000000000	3.0000000000000000	1115.0000000000000000	-3.0000000000000000	-83.0000000000000000
RG3_JPN225_PERIOD_M5_1785715200_1786060800_16673594142441126755	7	1785900900	19	66114.0000000000000000	66114.0000000000000000	65889.0000000000000000	65951.0000000000000000	1	112.3709002023647372	65601.0000000000000000	350.0000000000000000	516.0000000000000000	102.0000000000000000	166.0000000000000000	1278.0000000000000000	-163.0000000000000000	-160.0000000000000000
RG3_JPN225_PERIOD_M5_1785715200_1786060800_16673594142441126755	7	1785901200	20	65959.0000000000000000	65970.0000000000000000	65838.0000000000000000	65897.0000000000000000	1	112.3709002023647372	65601.0000000000000000	296.0000000000000000	516.0000000000000000	102.0000000000000000	220.0000000000000000	1332.0000000000000000	-54.0000000000000000	109.0000000000000000
RG3_JPN225_PERIOD_M5_1785715200_1786060800_16673594142441126755	7	1785901500	21	65888.0000000000000000	65941.0000000000000000	65783.0000000000000000	65832.0000000000000000	1	112.3709002023647372	65601.0000000000000000	231.0000000000000000	516.0000000000000000	102.0000000000000000	285.0000000000000000	1397.0000000000000000	-65.0000000000000000	-11.0000000000000000
RG3_JPN225_PERIOD_M5_1785715200_1786060800_16673594142441126755	7	1785901800	22	65832.0000000000000000	65919.0000000000000000	65774.0000000000000000	65875.0000000000000000	1	112.3709002023647372	65601.0000000000000000	274.0000000000000000	516.0000000000000000	102.0000000000000000	242.0000000000000000	1440.0000000000000000	43.0000000000000000	108.0000000000000000
RG3_JPN225_PERIOD_M5_1785715200_1786060800_16673594142441126755	7	1785902100	23	65872.0000000000000000	65935.0000000000000000	65803.0000000000000000	65900.0000000000000000	1	112.3709002023647372	65601.0000000000000000	299.0000000000000000	516.0000000000000000	102.0000000000000000	217.0000000000000000	1465.0000000000000000	25.0000000000000000	-18.0000000000000000
RG3_JPN225_PERIOD_M5_1785715200_1786060800_16673594142441126755	7	1785902400	24	65896.0000000000000000	65936.0000000000000000	65814.0000000000000000	65924.0000000000000000	1	112.3709002023647372	65601.0000000000000000	323.0000000000000000	516.0000000000000000	102.0000000000000000	193.0000000000000000	1489.0000000000000000	24.0000000000000000	-1.0000000000000000
RG3_JPN225_PERIOD_M5_1785715200_1786060800_16673594142441126755	7	1785902700	25	65921.0000000000000000	66009.0000000000000000	65909.0000000000000000	65975.0000000000000000	1	112.3709002023647372	65601.0000000000000000	374.0000000000000000	516.0000000000000000	102.0000000000000000	142.0000000000000000	1540.0000000000000000	51.0000000000000000	27.0000000000000000
RG3_JPN225_PERIOD_M5_1785715200_1786060800_16673594142441126755	7	1785903000	26	65975.0000000000000000	66069.0000000000000000	65837.0000000000000000	65837.0000000000000000	1	112.3709002023647372	65601.0000000000000000	236.0000000000000000	516.0000000000000000	102.0000000000000000	280.0000000000000000	1678.0000000000000000	-138.0000000000000000	-189.0000000000000000
RG3_JPN225_PERIOD_M5_1785715200_1786060800_16673594142441126755	7	1785903300	27	65838.0000000000000000	65847.0000000000000000	65683.0000000000000000	65731.0000000000000000	1	112.3709002023647372	65601.0000000000000000	130.0000000000000000	516.0000000000000000	102.0000000000000000	386.0000000000000000	1784.0000000000000000	-106.0000000000000000	32.0000000000000000
RG3_JPN225_PERIOD_M5_1785715200_1786060800_16673594142441126755	7	1785903600	28	65729.0000000000000000	65860.0000000000000000	65717.0000000000000000	65802.0000000000000000	1	112.3709002023647372	65601.0000000000000000	201.0000000000000000	516.0000000000000000	102.0000000000000000	315.0000000000000000	1855.0000000000000000	71.0000000000000000	177.0000000000000000
RG3_JPN225_PERIOD_M5_1785715200_1786060800_16673594142441126755	7	1785903900	29	65802.0000000000000000	65804.0000000000000000	65638.0000000000000000	65744.0000000000000000	1	112.3709002023647372	65601.0000000000000000	143.0000000000000000	516.0000000000000000	102.0000000000000000	373.0000000000000000	1913.0000000000000000	-58.0000000000000000	-129.0000000000000000
RG3_JPN225_PERIOD_M5_1785715200_1786060800_16673594142441126755	7	1785904200	30	65744.0000000000000000	65946.0000000000000000	65709.0000000000000000	65876.0000000000000000	1	112.3709002023647372	65601.0000000000000000	275.0000000000000000	516.0000000000000000	102.0000000000000000	241.0000000000000000	2045.0000000000000000	132.0000000000000000	190.0000000000000000
RG3_JPN225_PERIOD_M5_1785715200_1786060800_16673594142441126755	7	1785904500	31	65880.0000000000000000	65946.0000000000000000	65861.0000000000000000	65931.0000000000000000	1	112.3709002023647372	65601.0000000000000000	330.0000000000000000	516.0000000000000000	102.0000000000000000	186.0000000000000000	2100.0000000000000000	55.0000000000000000	-77.0000000000000000
RG3_JPN225_PERIOD_M5_1785715200_1786060800_16673594142441126755	7	1785904800	32	65930.0000000000000000	66009.0000000000000000	65930.0000000000000000	65941.0000000000000000	1	112.3709002023647372	65601.0000000000000000	340.0000000000000000	516.0000000000000000	102.0000000000000000	176.0000000000000000	2110.0000000000000000	10.0000000000000000	-45.0000000000000000
RG3_JPN225_PERIOD_M5_1785715200_1786060800_16673594142441126755	7	1785905100	33	65941.0000000000000000	66024.0000000000000000	65935.0000000000000000	66003.0000000000000000	1	112.3709002023647372	65601.0000000000000000	402.0000000000000000	516.0000000000000000	102.0000000000000000	114.0000000000000000	2172.0000000000000000	62.0000000000000000	52.0000000000000000
RG3_JPN225_PERIOD_M5_1785715200_1786060800_16673594142441126755	7	1785905400	34	66005.0000000000000000	66023.0000000000000000	65955.0000000000000000	65967.0000000000000000	1	112.3709002023647372	65601.0000000000000000	366.0000000000000000	516.0000000000000000	102.0000000000000000	150.0000000000000000	2208.0000000000000000	-36.0000000000000000	-98.0000000000000000
RG3_JPN225_PERIOD_M5_1785715200_1786060800_16673594142441126755	7	1785905700	35	65968.0000000000000000	66053.0000000000000000	65940.0000000000000000	66038.0000000000000000	1	112.3709002023647372	65601.0000000000000000	437.0000000000000000	516.0000000000000000	102.0000000000000000	79.0000000000000000	2279.0000000000000000	71.0000000000000000	107.0000000000000000
RG3_JPN225_PERIOD_M5_1785715200_1786060800_16673594142441126755	7	1785906000	36	66037.0000000000000000	66143.0000000000000000	66036.0000000000000000	66089.0000000000000000	1	112.3709002023647372	65601.0000000000000000	488.0000000000000000	516.0000000000000000	102.0000000000000000	28.0000000000000000	2330.0000000000000000	51.0000000000000000	-20.0000000000000000
RG3_JPN225_PERIOD_M5_1785715200_1786060800_16673594142441126755	7	1785906300	37	66091.0000000000000000	66138.0000000000000000	66071.0000000000000000	66079.0000000000000000	1	112.3709002023647372	65601.0000000000000000	478.0000000000000000	516.0000000000000000	102.0000000000000000	38.0000000000000000	2340.0000000000000000	-10.0000000000000000	-61.0000000000000000
RG3_JPN225_PERIOD_M5_1785715200_1786060800_16673594142441126755	7	1785906600	38	66079.0000000000000000	66083.0000000000000000	66024.0000000000000000	66029.0000000000000000	1	112.3709002023647372	65601.0000000000000000	428.0000000000000000	516.0000000000000000	102.0000000000000000	88.0000000000000000	2390.0000000000000000	-50.0000000000000000	-40.0000000000000000
RG3_JPN225_PERIOD_M5_1785715200_1786060800_16673594142441126755	7	1785906900	39	66029.0000000000000000	66038.0000000000000000	65956.0000000000000000	66013.0000000000000000	1	112.3709002023647372	65601.0000000000000000	412.0000000000000000	516.0000000000000000	102.0000000000000000	104.0000000000000000	2406.0000000000000000	-16.0000000000000000	34.0000000000000000
RG3_JPN225_PERIOD_M5_1785715200_1786060800_16673594142441126755	7	1785907200	40	66013.0000000000000000	66023.0000000000000000	65961.0000000000000000	65973.0000000000000000	1	112.3709002023647372	65601.0000000000000000	372.0000000000000000	516.0000000000000000	102.0000000000000000	144.0000000000000000	2446.0000000000000000	-40.0000000000000000	-24.0000000000000000
RG3_JPN225_PERIOD_M5_1785715200_1786060800_16673594142441126755	7	1785907500	41	65969.0000000000000000	65980.0000000000000000	65877.0000000000000000	65892.0000000000000000	1	112.3709002023647372	65601.0000000000000000	291.0000000000000000	516.0000000000000000	102.0000000000000000	225.0000000000000000	2527.0000000000000000	-81.0000000000000000	-41.0000000000000000
RG3_JPN225_PERIOD_M5_1785715200_1786060800_16673594142441126755	7	1785907800	42	65894.0000000000000000	65923.0000000000000000	65845.0000000000000000	65918.0000000000000000	1	112.3709002023647372	65601.0000000000000000	317.0000000000000000	516.0000000000000000	102.0000000000000000	199.0000000000000000	2553.0000000000000000	26.0000000000000000	107.0000000000000000
RG3_JPN225_PERIOD_M5_1785715200_1786060800_16673594142441126755	7	1785908100	43	65918.0000000000000000	65958.0000000000000000	65866.0000000000000000	65872.0000000000000000	1	112.3709002023647372	65601.0000000000000000	271.0000000000000000	516.0000000000000000	102.0000000000000000	245.0000000000000000	2599.0000000000000000	-46.0000000000000000	-72.0000000000000000
RG3_JPN225_PERIOD_M5_1785715200_1786060800_16673594142441126755	7	1785908400	44	65872.0000000000000000	65880.0000000000000000	65826.0000000000000000	65835.0000000000000000	1	112.3709002023647372	65601.0000000000000000	234.0000000000000000	516.0000000000000000	102.0000000000000000	282.0000000000000000	2636.0000000000000000	-37.0000000000000000	9.0000000000000000
RG3_JPN225_PERIOD_M5_1785715200_1786060800_16673594142441126755	7	1785908700	45	65842.0000000000000000	65920.0000000000000000	65816.0000000000000000	65828.0000000000000000	1	112.3709002023647372	65601.0000000000000000	227.0000000000000000	516.0000000000000000	102.0000000000000000	289.0000000000000000	2643.0000000000000000	-7.0000000000000000	30.0000000000000000
RG3_JPN225_PERIOD_M5_1785715200_1786060800_16673594142441126755	7	1785909000	46	65828.0000000000000000	65909.0000000000000000	65821.0000000000000000	65886.0000000000000000	1	112.3709002023647372	65601.0000000000000000	285.0000000000000000	516.0000000000000000	102.0000000000000000	231.0000000000000000	2701.0000000000000000	58.0000000000000000	65.0000000000000000
RG3_JPN225_PERIOD_M5_1785715200_1786060800_16673594142441126755	7	1785909300	47	65889.0000000000000000	65894.0000000000000000	65831.0000000000000000	65837.0000000000000000	1	112.3709002023647372	65601.0000000000000000	236.0000000000000000	516.0000000000000000	102.0000000000000000	280.0000000000000000	2750.0000000000000000	-49.0000000000000000	-107.0000000000000000
RG3_JPN225_PERIOD_M5_1785715200_1786060800_16673594142441126755	7	1785909600	48	65837.0000000000000000	65918.0000000000000000	65826.0000000000000000	65902.0000000000000000	1	112.3709002023647372	65601.0000000000000000	301.0000000000000000	516.0000000000000000	102.0000000000000000	215.0000000000000000	2815.0000000000000000	65.0000000000000000	114.0000000000000000
RG3_JPN225_PERIOD_M5_1785715200_1786060800_16673594142441126755	7	1785909900	49	65902.0000000000000000	65913.0000000000000000	65856.0000000000000000	65860.0000000000000000	1	112.3709002023647372	65601.0000000000000000	259.0000000000000000	516.0000000000000000	102.0000000000000000	257.0000000000000000	2857.0000000000000000	-42.0000000000000000	-107.0000000000000000
RG3_JPN225_PERIOD_M5_1785715200_1786060800_16673594142441126755	7	1785910200	50	65856.0000000000000000	65903.0000000000000000	65848.0000000000000000	65853.0000000000000000	1	112.3709002023647372	65601.0000000000000000	252.0000000000000000	516.0000000000000000	102.0000000000000000	264.0000000000000000	2864.0000000000000000	-7.0000000000000000	35.0000000000000000
RG3_JPN225_PERIOD_M5_1785715200_1786060800_16673594142441126755	7	1785910500	51	65855.0000000000000000	65873.0000000000000000	65836.0000000000000000	65844.0000000000000000	1	112.3709002023647372	65601.0000000000000000	243.0000000000000000	516.0000000000000000	102.0000000000000000	273.0000000000000000	2873.0000000000000000	-9.0000000000000000	-2.0000000000000000
RG3_JPN225_PERIOD_M5_1785715200_1786060800_16673594142441126755	7	1785910800	52	65841.0000000000000000	65883.0000000000000000	65816.0000000000000000	65829.0000000000000000	1	112.3709002023647372	65601.0000000000000000	228.0000000000000000	516.0000000000000000	102.0000000000000000	288.0000000000000000	2888.0000000000000000	-15.0000000000000000	-6.0000000000000000
RG3_JPN225_PERIOD_M5_1785715200_1786060800_16673594142441126755	7	1785911100	53	65829.0000000000000000	65838.0000000000000000	65771.0000000000000000	65793.0000000000000000	1	112.3709002023647372	65601.0000000000000000	192.0000000000000000	516.0000000000000000	102.0000000000000000	324.0000000000000000	2924.0000000000000000	-36.0000000000000000	-21.0000000000000000
RG3_JPN225_PERIOD_M5_1785715200_1786060800_16673594142441126755	7	1785911400	54	65793.0000000000000000	65841.0000000000000000	65757.0000000000000000	65822.0000000000000000	1	112.3709002023647372	65601.0000000000000000	221.0000000000000000	516.0000000000000000	102.0000000000000000	295.0000000000000000	2953.0000000000000000	29.0000000000000000	65.0000000000000000
RG3_JPN225_PERIOD_M5_1785715200_1786060800_16673594142441126755	7	1785911700	55	65821.0000000000000000	65904.0000000000000000	65801.0000000000000000	65892.0000000000000000	1	112.3709002023647372	65601.0000000000000000	291.0000000000000000	516.0000000000000000	102.0000000000000000	225.0000000000000000	3023.0000000000000000	70.0000000000000000	41.0000000000000000
RG3_JPN225_PERIOD_M5_1785715200_1786060800_16673594142441126755	7	1785912000	56	65892.0000000000000000	65963.0000000000000000	65876.0000000000000000	65949.0000000000000000	1	112.3709002023647372	65601.0000000000000000	348.0000000000000000	516.0000000000000000	102.0000000000000000	168.0000000000000000	3080.0000000000000000	57.0000000000000000	-13.0000000000000000
RG3_JPN225_PERIOD_M5_1785715200_1786060800_16673594142441126755	7	1785912300	57	65950.0000000000000000	65999.0000000000000000	65921.0000000000000000	65999.0000000000000000	1	112.3709002023647372	65601.0000000000000000	398.0000000000000000	516.0000000000000000	102.0000000000000000	118.0000000000000000	3130.0000000000000000	50.0000000000000000	-7.0000000000000000
RG3_JPN225_PERIOD_M5_1785715200_1786060800_16673594142441126755	7	1785912600	58	65999.0000000000000000	66019.0000000000000000	65948.0000000000000000	65969.0000000000000000	1	112.3709002023647372	65601.0000000000000000	368.0000000000000000	516.0000000000000000	102.0000000000000000	148.0000000000000000	3160.0000000000000000	-30.0000000000000000	-80.0000000000000000
RG3_JPN225_PERIOD_M5_1785715200_1786060800_16673594142441126755	7	1785912900	59	65969.0000000000000000	66040.0000000000000000	65951.0000000000000000	66022.0000000000000000	1	112.3709002023647372	65601.0000000000000000	421.0000000000000000	516.0000000000000000	102.0000000000000000	95.0000000000000000	3213.0000000000000000	53.0000000000000000	83.0000000000000000
RG3_JPN225_PERIOD_M5_1785715200_1786060800_16673594142441126755	7	1785913200	60	66022.0000000000000000	66093.0000000000000000	66016.0000000000000000	66078.0000000000000000	1	112.3709002023647372	65601.0000000000000000	477.0000000000000000	516.0000000000000000	102.0000000000000000	39.0000000000000000	3269.0000000000000000	56.0000000000000000	3.0000000000000000
RG3_JPN225_PERIOD_M5_1785715200_1786060800_16673594142441126755	7	1785913500	61	66076.0000000000000000	66094.0000000000000000	66035.0000000000000000	66047.0000000000000000	1	112.3709002023647372	65601.0000000000000000	446.0000000000000000	516.0000000000000000	102.0000000000000000	70.0000000000000000	3300.0000000000000000	-31.0000000000000000	-87.0000000000000000
RG3_JPN225_PERIOD_M5_1785715200_1786060800_16673594142441126755	7	1785913800	62	66045.0000000000000000	66082.0000000000000000	66011.0000000000000000	66013.0000000000000000	1	112.3709002023647372	65601.0000000000000000	412.0000000000000000	516.0000000000000000	102.0000000000000000	104.0000000000000000	3334.0000000000000000	-34.0000000000000000	-3.0000000000000000
RG3_JPN225_PERIOD_M5_1785715200_1786060800_16673594142441126755	7	1785914100	63	66013.0000000000000000	66038.0000000000000000	65981.0000000000000000	65993.0000000000000000	1	112.3709002023647372	65601.0000000000000000	392.0000000000000000	516.0000000000000000	102.0000000000000000	124.0000000000000000	3354.0000000000000000	-20.0000000000000000	14.0000000000000000
RG3_JPN225_PERIOD_M5_1785715200_1786060800_16673594142441126755	7	1785914400	64	65992.0000000000000000	66008.0000000000000000	65916.0000000000000000	65943.0000000000000000	1	112.3709002023647372	65601.0000000000000000	342.0000000000000000	516.0000000000000000	102.0000000000000000	174.0000000000000000	3404.0000000000000000	-50.0000000000000000	-30.0000000000000000
RG3_JPN225_PERIOD_M5_1785715200_1786060800_16673594142441126755	7	1785914700	65	65941.0000000000000000	65982.0000000000000000	65918.0000000000000000	65971.0000000000000000	1	112.3709002023647372	65601.0000000000000000	370.0000000000000000	516.0000000000000000	102.0000000000000000	146.0000000000000000	3432.0000000000000000	28.0000000000000000	78.0000000000000000
RG3_JPN225_PERIOD_M5_1785715200_1786060800_16673594142441126755	7	1785915000	66	65973.0000000000000000	66113.0000000000000000	65973.0000000000000000	66098.0000000000000000	1	112.3709002023647372	65601.0000000000000000	497.0000000000000000	516.0000000000000000	102.0000000000000000	19.0000000000000000	3559.0000000000000000	127.0000000000000000	99.0000000000000000
RG3_JPN225_PERIOD_M5_1785715200_1786060800_16673594142441126755	7	1785915300	67	66100.0000000000000000	66143.0000000000000000	66076.0000000000000000	66127.0000000000000000	1	112.3709002023647372	65601.0000000000000000	526.0000000000000000	526.0000000000000000	102.0000000000000000	0.0000000000000000	3588.0000000000000000	29.0000000000000000	-98.0000000000000000
RG3_JPN225_PERIOD_M5_1785715200_1786060800_16673594142441126755	7	1785915600	68	66127.0000000000000000	66163.0000000000000000	66121.0000000000000000	66138.0000000000000000	1	112.3709002023647372	65601.0000000000000000	537.0000000000000000	537.0000000000000000	102.0000000000000000	0.0000000000000000	3599.0000000000000000	11.0000000000000000	-18.0000000000000000
RG3_JPN225_PERIOD_M5_1785715200_1786060800_16673594142441126755	7	1785915900	69	66138.0000000000000000	66139.0000000000000000	66081.0000000000000000	66082.0000000000000000	1	112.3709002023647372	65601.0000000000000000	481.0000000000000000	537.0000000000000000	102.0000000000000000	56.0000000000000000	3655.0000000000000000	-56.0000000000000000	-67.0000000000000000
RG3_JPN225_PERIOD_M5_1785715200_1786060800_16673594142441126755	7	1785916200	70	66083.0000000000000000	66130.0000000000000000	66036.0000000000000000	66128.0000000000000000	1	112.3709002023647372	65601.0000000000000000	527.0000000000000000	537.0000000000000000	102.0000000000000000	10.0000000000000000	3701.0000000000000000	46.0000000000000000	102.0000000000000000
RG3_JPN225_PERIOD_M5_1785715200_1786060800_16673594142441126755	7	1785916500	71	66128.0000000000000000	66203.0000000000000000	66126.0000000000000000	66172.0000000000000000	1	112.3709002023647372	65601.0000000000000000	571.0000000000000000	571.0000000000000000	102.0000000000000000	0.0000000000000000	3745.0000000000000000	44.0000000000000000	-2.0000000000000000
RG3_JPN225_PERIOD_M5_1785715200_1786060800_16673594142441126755	7	1785916800	72	66172.0000000000000000	66209.0000000000000000	66136.0000000000000000	66158.0000000000000000	1	112.3709002023647372	65601.0000000000000000	557.0000000000000000	571.0000000000000000	102.0000000000000000	14.0000000000000000	3759.0000000000000000	-14.0000000000000000	-58.0000000000000000
RG3_JPN225_PERIOD_M5_1785715200_1786060800_16673594142441126755	7	1785917100	73	66154.0000000000000000	66158.0000000000000000	66091.0000000000000000	66109.0000000000000000	1	112.3709002023647372	65601.0000000000000000	508.0000000000000000	571.0000000000000000	102.0000000000000000	63.0000000000000000	3808.0000000000000000	-49.0000000000000000	-35.0000000000000000
RG3_JPN225_PERIOD_M5_1785715200_1786060800_16673594142441126755	7	1785917400	74	66108.0000000000000000	66198.0000000000000000	66094.0000000000000000	66189.0000000000000000	1	112.3709002023647372	65601.0000000000000000	588.0000000000000000	588.0000000000000000	102.0000000000000000	0.0000000000000000	3888.0000000000000000	80.0000000000000000	129.0000000000000000
RG3_JPN225_PERIOD_M5_1785715200_1786060800_16673594142441126755	7	1785917700	75	66189.0000000000000000	66221.0000000000000000	66161.0000000000000000	66173.0000000000000000	1	112.3709002023647372	65601.0000000000000000	572.0000000000000000	588.0000000000000000	102.0000000000000000	16.0000000000000000	3904.0000000000000000	-16.0000000000000000	-96.0000000000000000
RG3_JPN225_PERIOD_M5_1785715200_1786060800_16673594142441126755	7	1785918000	76	66173.0000000000000000	66221.0000000000000000	66163.0000000000000000	66213.0000000000000000	1	112.3709002023647372	65601.0000000000000000	612.0000000000000000	612.0000000000000000	102.0000000000000000	0.0000000000000000	3944.0000000000000000	40.0000000000000000	56.0000000000000000
RG3_JPN225_PERIOD_M5_1785715200_1786060800_16673594142441126755	7	1785918300	77	66213.0000000000000000	66248.0000000000000000	66188.0000000000000000	66188.0000000000000000	1	112.3709002023647372	65601.0000000000000000	587.0000000000000000	612.0000000000000000	102.0000000000000000	25.0000000000000000	3969.0000000000000000	-25.0000000000000000	-65.0000000000000000
RG3_JPN225_PERIOD_M5_1785715200_1786060800_16673594142441126755	7	1785918600	78	66189.0000000000000000	66212.0000000000000000	66151.0000000000000000	66193.0000000000000000	1	112.3709002023647372	65601.0000000000000000	592.0000000000000000	612.0000000000000000	102.0000000000000000	20.0000000000000000	3974.0000000000000000	5.0000000000000000	30.0000000000000000
RG3_JPN225_PERIOD_M5_1785715200_1786060800_16673594142441126755	7	1785918900	79	66189.0000000000000000	66253.0000000000000000	66179.0000000000000000	66193.0000000000000000	1	112.3709002023647372	65601.0000000000000000	592.0000000000000000	612.0000000000000000	102.0000000000000000	20.0000000000000000	3974.0000000000000000	0.0000000000000000	-5.0000000000000000
RG3_JPN225_PERIOD_M5_1785715200_1786060800_16673594142441126755	7	1785919200	80	66191.0000000000000000	66260.0000000000000000	66181.0000000000000000	66252.0000000000000000	1	112.3709002023647372	65601.0000000000000000	651.0000000000000000	651.0000000000000000	102.0000000000000000	0.0000000000000000	4033.0000000000000000	59.0000000000000000	59.0000000000000000
RG3_JPN225_PERIOD_M5_1785715200_1786060800_16673594142441126755	7	1785919500	81	66252.0000000000000000	66263.0000000000000000	66224.0000000000000000	66262.0000000000000000	1	112.3709002023647372	65601.0000000000000000	661.0000000000000000	661.0000000000000000	102.0000000000000000	0.0000000000000000	4043.0000000000000000	10.0000000000000000	-49.0000000000000000
RG3_JPN225_PERIOD_M5_1785715200_1786060800_16673594142441126755	7	1785919800	82	66263.0000000000000000	66282.0000000000000000	66193.0000000000000000	66232.0000000000000000	1	112.3709002023647372	65601.0000000000000000	631.0000000000000000	661.0000000000000000	102.0000000000000000	30.0000000000000000	4073.0000000000000000	-30.0000000000000000	-40.0000000000000000
RG3_JPN225_PERIOD_M5_1785715200_1786060800_16673594142441126755	7	1785920100	83	66232.0000000000000000	66238.0000000000000000	66196.0000000000000000	66198.0000000000000000	1	112.3709002023647372	65601.0000000000000000	597.0000000000000000	661.0000000000000000	102.0000000000000000	64.0000000000000000	4107.0000000000000000	-34.0000000000000000	-4.0000000000000000
RG3_JPN225_PERIOD_M5_1785715200_1786060800_16673594142441126755	7	1785920400	84	66199.0000000000000000	66287.0000000000000000	66196.0000000000000000	66261.0000000000000000	1	112.3709002023647372	65601.0000000000000000	660.0000000000000000	661.0000000000000000	102.0000000000000000	1.0000000000000000	4170.0000000000000000	63.0000000000000000	97.0000000000000000
RG3_JPN225_PERIOD_M5_1785715200_1786060800_16673594142441126755	7	1785920700	85	66258.0000000000000000	66283.0000000000000000	66213.0000000000000000	66273.0000000000000000	2	112.3709002023647372	65601.0000000000000000	672.0000000000000000	672.0000000000000000	102.0000000000000000	0.0000000000000000	4182.0000000000000000	12.0000000000000000	-51.0000000000000000
RG3_JPN225_PERIOD_M5_1785715200_1786060800_16673594142441126755	8	1785927300	0	66013.0000000000000000	66053.0000000000000000	66010.0000000000000000	66043.0000000000000000	1	108.9633371876683158	66043.0000000000000000	0.0000000000000000	0.0000000000000000	0.0000000000000000	0.0000000000000000	0.0000000000000000	0.0000000000000000	0.0000000000000000
RG3_JPN225_PERIOD_M5_1785715200_1786060800_16673594142441126755	8	1785927600	1	66042.0000000000000000	66189.0000000000000000	66033.0000000000000000	66173.0000000000000000	1	108.9633371876683158	66043.0000000000000000	-130.0000000000000000	0.0000000000000000	130.0000000000000000	130.0000000000000000	130.0000000000000000	-130.0000000000000000	-130.0000000000000000
RG3_JPN225_PERIOD_M5_1785715200_1786060800_16673594142441126755	8	1785927900	2	66174.0000000000000000	66179.0000000000000000	66035.0000000000000000	66039.0000000000000000	1	108.9633371876683158	66043.0000000000000000	4.0000000000000000	4.0000000000000000	130.0000000000000000	0.0000000000000000	264.0000000000000000	134.0000000000000000	264.0000000000000000
RG3_JPN225_PERIOD_M5_1785715200_1786060800_16673594142441126755	8	1785928200	3	66043.0000000000000000	66064.0000000000000000	65939.0000000000000000	65969.0000000000000000	1	108.9633371876683158	66043.0000000000000000	74.0000000000000000	74.0000000000000000	130.0000000000000000	0.0000000000000000	334.0000000000000000	70.0000000000000000	-64.0000000000000000
RG3_JPN225_PERIOD_M5_1785715200_1786060800_16673594142441126755	8	1785928500	4	65969.0000000000000000	66058.0000000000000000	65959.0000000000000000	65992.0000000000000000	1	108.9633371876683158	66043.0000000000000000	51.0000000000000000	74.0000000000000000	130.0000000000000000	23.0000000000000000	357.0000000000000000	-23.0000000000000000	-93.0000000000000000
RG3_JPN225_PERIOD_M5_1785715200_1786060800_16673594142441126755	8	1785928800	5	65992.0000000000000000	66012.0000000000000000	65902.0000000000000000	65903.0000000000000000	1	108.9633371876683158	66043.0000000000000000	140.0000000000000000	140.0000000000000000	130.0000000000000000	0.0000000000000000	446.0000000000000000	89.0000000000000000	112.0000000000000000
RG3_JPN225_PERIOD_M5_1785715200_1786060800_16673594142441126755	8	1785929100	6	65908.0000000000000000	65949.0000000000000000	65887.0000000000000000	65942.0000000000000000	1	108.9633371876683158	66043.0000000000000000	101.0000000000000000	140.0000000000000000	130.0000000000000000	39.0000000000000000	485.0000000000000000	-39.0000000000000000	-128.0000000000000000
RG3_JPN225_PERIOD_M5_1785715200_1786060800_16673594142441126755	8	1785929400	7	65942.0000000000000000	65958.0000000000000000	65873.0000000000000000	65917.0000000000000000	1	108.9633371876683158	66043.0000000000000000	126.0000000000000000	140.0000000000000000	130.0000000000000000	14.0000000000000000	510.0000000000000000	25.0000000000000000	64.0000000000000000
RG3_JPN225_PERIOD_M5_1785715200_1786060800_16673594142441126755	8	1785929700	8	65917.0000000000000000	66039.0000000000000000	65910.0000000000000000	65919.0000000000000000	1	108.9633371876683158	66043.0000000000000000	124.0000000000000000	140.0000000000000000	130.0000000000000000	16.0000000000000000	512.0000000000000000	-2.0000000000000000	-27.0000000000000000
RG3_JPN225_PERIOD_M5_1785715200_1786060800_16673594142441126755	8	1785930000	9	65919.0000000000000000	65992.0000000000000000	65899.0000000000000000	65968.0000000000000000	1	108.9633371876683158	66043.0000000000000000	75.0000000000000000	140.0000000000000000	130.0000000000000000	65.0000000000000000	561.0000000000000000	-49.0000000000000000	-47.0000000000000000
RG3_JPN225_PERIOD_M5_1785715200_1786060800_16673594142441126755	8	1785930300	10	65969.0000000000000000	66013.0000000000000000	65930.0000000000000000	66009.0000000000000000	1	108.9633371876683158	66043.0000000000000000	34.0000000000000000	140.0000000000000000	130.0000000000000000	106.0000000000000000	602.0000000000000000	-41.0000000000000000	8.0000000000000000
RG3_JPN225_PERIOD_M5_1785715200_1786060800_16673594142441126755	8	1785930600	11	66009.0000000000000000	66018.0000000000000000	65972.0000000000000000	65993.0000000000000000	1	108.9633371876683158	66043.0000000000000000	50.0000000000000000	140.0000000000000000	130.0000000000000000	90.0000000000000000	618.0000000000000000	16.0000000000000000	57.0000000000000000
RG3_JPN225_PERIOD_M5_1785715200_1786060800_16673594142441126755	8	1785930900	12	65988.0000000000000000	66042.0000000000000000	65977.0000000000000000	65989.0000000000000000	1	108.9633371876683158	66043.0000000000000000	54.0000000000000000	140.0000000000000000	130.0000000000000000	86.0000000000000000	622.0000000000000000	4.0000000000000000	-12.0000000000000000
RG3_JPN225_PERIOD_M5_1785715200_1786060800_16673594142441126755	8	1785931200	13	65988.0000000000000000	66043.0000000000000000	65937.0000000000000000	66014.0000000000000000	1	108.9633371876683158	66043.0000000000000000	29.0000000000000000	140.0000000000000000	130.0000000000000000	111.0000000000000000	647.0000000000000000	-25.0000000000000000	-29.0000000000000000
RG3_JPN225_PERIOD_M5_1785715200_1786060800_16673594142441126755	8	1785931500	14	66014.0000000000000000	66124.0000000000000000	66008.0000000000000000	66073.0000000000000000	1	108.9633371876683158	66043.0000000000000000	-30.0000000000000000	140.0000000000000000	130.0000000000000000	170.0000000000000000	706.0000000000000000	-59.0000000000000000	-34.0000000000000000
RG3_JPN225_PERIOD_M5_1785715200_1786060800_16673594142441126755	8	1785931800	15	66068.0000000000000000	66093.0000000000000000	66060.0000000000000000	66073.0000000000000000	1	108.9633371876683158	66043.0000000000000000	-30.0000000000000000	140.0000000000000000	130.0000000000000000	170.0000000000000000	706.0000000000000000	0.0000000000000000	59.0000000000000000
RG3_JPN225_PERIOD_M5_1785715200_1786060800_16673594142441126755	8	1785932100	16	66073.0000000000000000	66093.0000000000000000	66027.0000000000000000	66092.0000000000000000	1	108.9633371876683158	66043.0000000000000000	-49.0000000000000000	140.0000000000000000	130.0000000000000000	189.0000000000000000	725.0000000000000000	-19.0000000000000000	-19.0000000000000000
RG3_JPN225_PERIOD_M5_1785715200_1786060800_16673594142441126755	8	1785932400	17	66092.0000000000000000	66178.0000000000000000	66083.0000000000000000	66163.0000000000000000	1	108.9633371876683158	66043.0000000000000000	-120.0000000000000000	140.0000000000000000	130.0000000000000000	260.0000000000000000	796.0000000000000000	-71.0000000000000000	-52.0000000000000000
RG3_JPN225_PERIOD_M5_1785715200_1786060800_16673594142441126755	8	1785932700	18	66163.0000000000000000	66188.0000000000000000	66152.0000000000000000	66174.0000000000000000	1	108.9633371876683158	66043.0000000000000000	-131.0000000000000000	140.0000000000000000	131.0000000000000000	271.0000000000000000	807.0000000000000000	-11.0000000000000000	60.0000000000000000
RG3_JPN225_PERIOD_M5_1785715200_1786060800_16673594142441126755	8	1785933000	19	66173.0000000000000000	66214.0000000000000000	66144.0000000000000000	66163.0000000000000000	1	108.9633371876683158	66043.0000000000000000	-120.0000000000000000	140.0000000000000000	131.0000000000000000	260.0000000000000000	818.0000000000000000	11.0000000000000000	22.0000000000000000
RG3_JPN225_PERIOD_M5_1785715200_1786060800_16673594142441126755	8	1785933300	20	66163.0000000000000000	66218.0000000000000000	66142.0000000000000000	66194.0000000000000000	1	108.9633371876683158	66043.0000000000000000	-151.0000000000000000	140.0000000000000000	151.0000000000000000	291.0000000000000000	849.0000000000000000	-31.0000000000000000	-42.0000000000000000
RG3_JPN225_PERIOD_M5_1785715200_1786060800_16673594142441126755	8	1785933600	21	66194.0000000000000000	66202.0000000000000000	66120.0000000000000000	66142.0000000000000000	1	108.9633371876683158	66043.0000000000000000	-99.0000000000000000	140.0000000000000000	151.0000000000000000	239.0000000000000000	901.0000000000000000	52.0000000000000000	83.0000000000000000
RG3_JPN225_PERIOD_M5_1785715200_1786060800_16673594142441126755	8	1785933900	22	66142.0000000000000000	66167.0000000000000000	66058.0000000000000000	66059.0000000000000000	1	108.9633371876683158	66043.0000000000000000	-16.0000000000000000	140.0000000000000000	151.0000000000000000	156.0000000000000000	984.0000000000000000	83.0000000000000000	31.0000000000000000
RG3_JPN225_PERIOD_M5_1785715200_1786060800_16673594142441126755	8	1785934200	23	66063.0000000000000000	66078.0000000000000000	66042.0000000000000000	66057.0000000000000000	1	108.9633371876683158	66043.0000000000000000	-14.0000000000000000	140.0000000000000000	151.0000000000000000	154.0000000000000000	986.0000000000000000	2.0000000000000000	-81.0000000000000000
RG3_JPN225_PERIOD_M5_1785715200_1786060800_16673594142441126755	8	1785934500	24	66057.0000000000000000	66073.0000000000000000	66015.0000000000000000	66015.0000000000000000	1	108.9633371876683158	66043.0000000000000000	28.0000000000000000	140.0000000000000000	151.0000000000000000	112.0000000000000000	1028.0000000000000000	42.0000000000000000	40.0000000000000000
RG3_JPN225_PERIOD_M5_1785715200_1786060800_16673594142441126755	8	1785934800	25	66017.0000000000000000	66073.0000000000000000	66009.0000000000000000	66063.0000000000000000	1	108.9633371876683158	66043.0000000000000000	-20.0000000000000000	140.0000000000000000	151.0000000000000000	160.0000000000000000	1076.0000000000000000	-48.0000000000000000	-90.0000000000000000
RG3_JPN225_PERIOD_M5_1785715200_1786060800_16673594142441126755	8	1785935100	26	66063.0000000000000000	66083.0000000000000000	65988.0000000000000000	66002.0000000000000000	1	108.9633371876683158	66043.0000000000000000	41.0000000000000000	140.0000000000000000	151.0000000000000000	99.0000000000000000	1137.0000000000000000	61.0000000000000000	109.0000000000000000
RG3_JPN225_PERIOD_M5_1785715200_1786060800_16673594142441126755	8	1785935400	27	66003.0000000000000000	66038.0000000000000000	65972.0000000000000000	66032.0000000000000000	1	108.9633371876683158	66043.0000000000000000	11.0000000000000000	140.0000000000000000	151.0000000000000000	129.0000000000000000	1167.0000000000000000	-30.0000000000000000	-91.0000000000000000
RG3_JPN225_PERIOD_M5_1785715200_1786060800_16673594142441126755	8	1785935700	28	66032.0000000000000000	66053.0000000000000000	66017.0000000000000000	66032.0000000000000000	1	108.9633371876683158	66043.0000000000000000	11.0000000000000000	140.0000000000000000	151.0000000000000000	129.0000000000000000	1167.0000000000000000	0.0000000000000000	30.0000000000000000
RG3_JPN225_PERIOD_M5_1785715200_1786060800_16673594142441126755	8	1785936000	29	66037.0000000000000000	66048.0000000000000000	66021.0000000000000000	66032.0000000000000000	1	108.9633371876683158	66043.0000000000000000	11.0000000000000000	140.0000000000000000	151.0000000000000000	129.0000000000000000	1167.0000000000000000	0.0000000000000000	0.0000000000000000
RG3_JPN225_PERIOD_M5_1785715200_1786060800_16673594142441126755	8	1785936300	30	66032.0000000000000000	66058.0000000000000000	66022.0000000000000000	66033.0000000000000000	1	108.9633371876683158	66043.0000000000000000	10.0000000000000000	140.0000000000000000	151.0000000000000000	130.0000000000000000	1168.0000000000000000	-1.0000000000000000	-1.0000000000000000
RG3_JPN225_PERIOD_M5_1785715200_1786060800_16673594142441126755	8	1785936600	31	66033.0000000000000000	66058.0000000000000000	65997.0000000000000000	66044.0000000000000000	1	108.9633371876683158	66043.0000000000000000	-1.0000000000000000	140.0000000000000000	151.0000000000000000	141.0000000000000000	1179.0000000000000000	-11.0000000000000000	-10.0000000000000000
RG3_JPN225_PERIOD_M5_1785715200_1786060800_16673594142441126755	8	1785936900	32	66047.0000000000000000	66048.0000000000000000	66007.0000000000000000	66019.0000000000000000	1	108.9633371876683158	66043.0000000000000000	24.0000000000000000	140.0000000000000000	151.0000000000000000	116.0000000000000000	1204.0000000000000000	25.0000000000000000	36.0000000000000000
RG3_JPN225_PERIOD_M5_1785715200_1786060800_16673594142441126755	8	1785937200	33	66018.0000000000000000	66029.0000000000000000	65972.0000000000000000	65979.0000000000000000	1	108.9633371876683158	66043.0000000000000000	64.0000000000000000	140.0000000000000000	151.0000000000000000	76.0000000000000000	1244.0000000000000000	40.0000000000000000	15.0000000000000000
RG3_JPN225_PERIOD_M5_1785715200_1786060800_16673594142441126755	8	1785937500	34	65992.0000000000000000	66014.0000000000000000	65942.0000000000000000	65963.0000000000000000	1	108.9633371876683158	66043.0000000000000000	80.0000000000000000	140.0000000000000000	151.0000000000000000	60.0000000000000000	1260.0000000000000000	16.0000000000000000	-24.0000000000000000
RG3_JPN225_PERIOD_M5_1785715200_1786060800_16673594142441126755	8	1785937800	35	65962.0000000000000000	65988.0000000000000000	65918.0000000000000000	65978.0000000000000000	1	108.9633371876683158	66043.0000000000000000	65.0000000000000000	140.0000000000000000	151.0000000000000000	75.0000000000000000	1275.0000000000000000	-15.0000000000000000	-31.0000000000000000
RG3_JPN225_PERIOD_M5_1785715200_1786060800_16673594142441126755	8	1785938100	36	65979.0000000000000000	66038.0000000000000000	65975.0000000000000000	66034.0000000000000000	1	108.9633371876683158	66043.0000000000000000	9.0000000000000000	140.0000000000000000	151.0000000000000000	131.0000000000000000	1331.0000000000000000	-56.0000000000000000	-41.0000000000000000
RG3_JPN225_PERIOD_M5_1785715200_1786060800_16673594142441126755	8	1785938400	37	66033.0000000000000000	66098.0000000000000000	66018.0000000000000000	66075.0000000000000000	1	108.9633371876683158	66043.0000000000000000	-32.0000000000000000	140.0000000000000000	151.0000000000000000	172.0000000000000000	1372.0000000000000000	-41.0000000000000000	15.0000000000000000
RG3_JPN225_PERIOD_M5_1785715200_1786060800_16673594142441126755	8	1785938700	38	66080.0000000000000000	66117.0000000000000000	66042.0000000000000000	66102.0000000000000000	1	108.9633371876683158	66043.0000000000000000	-59.0000000000000000	140.0000000000000000	151.0000000000000000	199.0000000000000000	1399.0000000000000000	-27.0000000000000000	14.0000000000000000
RG3_JPN225_PERIOD_M5_1785715200_1786060800_16673594142441126755	8	1785939000	39	66103.0000000000000000	66122.0000000000000000	66062.0000000000000000	66113.0000000000000000	1	108.9633371876683158	66043.0000000000000000	-70.0000000000000000	140.0000000000000000	151.0000000000000000	210.0000000000000000	1410.0000000000000000	-11.0000000000000000	16.0000000000000000
RG3_JPN225_PERIOD_M5_1785715200_1786060800_16673594142441126755	8	1785939300	40	66108.0000000000000000	66154.0000000000000000	66108.0000000000000000	66153.0000000000000000	1	108.9633371876683158	66043.0000000000000000	-110.0000000000000000	140.0000000000000000	151.0000000000000000	250.0000000000000000	1450.0000000000000000	-40.0000000000000000	-29.0000000000000000
RG3_JPN225_PERIOD_M5_1785715200_1786060800_16673594142441126755	8	1785939600	41	66149.0000000000000000	66217.0000000000000000	66148.0000000000000000	66217.0000000000000000	1	108.9633371876683158	66043.0000000000000000	-174.0000000000000000	140.0000000000000000	174.0000000000000000	314.0000000000000000	1514.0000000000000000	-64.0000000000000000	-24.0000000000000000
RG3_JPN225_PERIOD_M5_1785715200_1786060800_16673594142441126755	8	1785939900	42	66217.0000000000000000	66258.0000000000000000	66205.0000000000000000	66232.0000000000000000	1	108.9633371876683158	66043.0000000000000000	-189.0000000000000000	140.0000000000000000	189.0000000000000000	329.0000000000000000	1529.0000000000000000	-15.0000000000000000	49.0000000000000000
RG3_JPN225_PERIOD_M5_1785715200_1786060800_16673594142441126755	8	1785940200	43	66232.0000000000000000	66358.0000000000000000	66192.0000000000000000	66353.0000000000000000	1	108.9633371876683158	66043.0000000000000000	-310.0000000000000000	140.0000000000000000	310.0000000000000000	450.0000000000000000	1650.0000000000000000	-121.0000000000000000	-106.0000000000000000
RG3_JPN225_PERIOD_M5_1785715200_1786060800_16673594142441126755	8	1785940500	44	66353.0000000000000000	66368.0000000000000000	66332.0000000000000000	66353.0000000000000000	1	108.9633371876683158	66043.0000000000000000	-310.0000000000000000	140.0000000000000000	310.0000000000000000	450.0000000000000000	1650.0000000000000000	0.0000000000000000	121.0000000000000000
RG3_JPN225_PERIOD_M5_1785715200_1786060800_16673594142441126755	8	1785940800	45	66353.0000000000000000	66363.0000000000000000	66318.0000000000000000	66332.0000000000000000	1	108.9633371876683158	66043.0000000000000000	-289.0000000000000000	140.0000000000000000	310.0000000000000000	429.0000000000000000	1671.0000000000000000	21.0000000000000000	21.0000000000000000
RG3_JPN225_PERIOD_M5_1785715200_1786060800_16673594142441126755	8	1785941100	46	66328.0000000000000000	66438.0000000000000000	66297.0000000000000000	66427.0000000000000000	1	108.9633371876683158	66043.0000000000000000	-384.0000000000000000	140.0000000000000000	384.0000000000000000	524.0000000000000000	1766.0000000000000000	-95.0000000000000000	-116.0000000000000000
RG3_JPN225_PERIOD_M5_1785715200_1786060800_16673594142441126755	8	1785941400	47	66433.0000000000000000	66438.0000000000000000	66332.0000000000000000	66338.0000000000000000	1	108.9633371876683158	66043.0000000000000000	-295.0000000000000000	140.0000000000000000	384.0000000000000000	435.0000000000000000	1855.0000000000000000	89.0000000000000000	184.0000000000000000
RG3_JPN225_PERIOD_M5_1785715200_1786060800_16673594142441126755	8	1785941700	48	66338.0000000000000000	66382.0000000000000000	66328.0000000000000000	66332.0000000000000000	1	108.9633371876683158	66043.0000000000000000	-289.0000000000000000	140.0000000000000000	384.0000000000000000	429.0000000000000000	1861.0000000000000000	6.0000000000000000	-83.0000000000000000
RG3_JPN225_PERIOD_M5_1785715200_1786060800_16673594142441126755	8	1785942000	49	66328.0000000000000000	66363.0000000000000000	66278.0000000000000000	66278.0000000000000000	1	108.9633371876683158	66043.0000000000000000	-235.0000000000000000	140.0000000000000000	384.0000000000000000	375.0000000000000000	1915.0000000000000000	54.0000000000000000	48.0000000000000000
RG3_JPN225_PERIOD_M5_1785715200_1786060800_16673594142441126755	8	1785942300	50	66278.0000000000000000	66314.0000000000000000	66247.0000000000000000	66298.0000000000000000	1	108.9633371876683158	66043.0000000000000000	-255.0000000000000000	140.0000000000000000	384.0000000000000000	395.0000000000000000	1935.0000000000000000	-20.0000000000000000	-74.0000000000000000
RG3_JPN225_PERIOD_M5_1785715200_1786060800_16673594142441126755	8	1785942600	51	66293.0000000000000000	66333.0000000000000000	66267.0000000000000000	66308.0000000000000000	1	108.9633371876683158	66043.0000000000000000	-265.0000000000000000	140.0000000000000000	384.0000000000000000	405.0000000000000000	1945.0000000000000000	-10.0000000000000000	10.0000000000000000
RG3_JPN225_PERIOD_M5_1785715200_1786060800_16673594142441126755	8	1785942900	52	66308.0000000000000000	66323.0000000000000000	66258.0000000000000000	66279.0000000000000000	1	108.9633371876683158	66043.0000000000000000	-236.0000000000000000	140.0000000000000000	384.0000000000000000	376.0000000000000000	1974.0000000000000000	29.0000000000000000	39.0000000000000000
RG3_JPN225_PERIOD_M5_1785715200_1786060800_16673594142441126755	8	1785943200	53	66279.0000000000000000	66339.0000000000000000	66262.0000000000000000	66318.0000000000000000	1	108.9633371876683158	66043.0000000000000000	-275.0000000000000000	140.0000000000000000	384.0000000000000000	415.0000000000000000	2013.0000000000000000	-39.0000000000000000	-68.0000000000000000
RG3_JPN225_PERIOD_M5_1785715200_1786060800_16673594142441126755	8	1785943500	54	66318.0000000000000000	66383.0000000000000000	66299.0000000000000000	66314.0000000000000000	1	108.9633371876683158	66043.0000000000000000	-271.0000000000000000	140.0000000000000000	384.0000000000000000	411.0000000000000000	2017.0000000000000000	4.0000000000000000	43.0000000000000000
RG3_JPN225_PERIOD_M5_1785715200_1786060800_16673594142441126755	8	1785943800	55	66314.0000000000000000	66329.0000000000000000	66215.0000000000000000	66279.0000000000000000	1	108.9633371876683158	66043.0000000000000000	-236.0000000000000000	140.0000000000000000	384.0000000000000000	376.0000000000000000	2052.0000000000000000	35.0000000000000000	31.0000000000000000
RG3_JPN225_PERIOD_M5_1785715200_1786060800_16673594142441126755	8	1785944100	56	66279.0000000000000000	66353.0000000000000000	66277.0000000000000000	66348.0000000000000000	1	108.9633371876683158	66043.0000000000000000	-305.0000000000000000	140.0000000000000000	384.0000000000000000	445.0000000000000000	2121.0000000000000000	-69.0000000000000000	-104.0000000000000000
RG3_JPN225_PERIOD_M5_1785715200_1786060800_16673594142441126755	8	1785944400	57	66348.0000000000000000	66364.0000000000000000	66330.0000000000000000	66363.0000000000000000	1	108.9633371876683158	66043.0000000000000000	-320.0000000000000000	140.0000000000000000	384.0000000000000000	460.0000000000000000	2136.0000000000000000	-15.0000000000000000	54.0000000000000000
RG3_JPN225_PERIOD_M5_1785715200_1786060800_16673594142441126755	8	1785944700	58	66367.0000000000000000	66377.0000000000000000	66327.0000000000000000	66359.0000000000000000	1	108.9633371876683158	66043.0000000000000000	-316.0000000000000000	140.0000000000000000	384.0000000000000000	456.0000000000000000	2140.0000000000000000	4.0000000000000000	19.0000000000000000
RG3_JPN225_PERIOD_M5_1785715200_1786060800_16673594142441126755	8	1785945000	59	66359.0000000000000000	66362.0000000000000000	66278.0000000000000000	66282.0000000000000000	1	108.9633371876683158	66043.0000000000000000	-239.0000000000000000	140.0000000000000000	384.0000000000000000	379.0000000000000000	2217.0000000000000000	77.0000000000000000	73.0000000000000000
RG3_JPN225_PERIOD_M5_1785715200_1786060800_16673594142441126755	8	1785945300	60	66282.0000000000000000	66358.0000000000000000	66253.0000000000000000	66313.0000000000000000	1	108.9633371876683158	66043.0000000000000000	-270.0000000000000000	140.0000000000000000	384.0000000000000000	410.0000000000000000	2248.0000000000000000	-31.0000000000000000	-108.0000000000000000
RG3_JPN225_PERIOD_M5_1785715200_1786060800_16673594142441126755	8	1785945600	61	66313.0000000000000000	66468.0000000000000000	66313.0000000000000000	66455.0000000000000000	1	108.9633371876683158	66043.0000000000000000	-412.0000000000000000	140.0000000000000000	412.0000000000000000	552.0000000000000000	2390.0000000000000000	-142.0000000000000000	-111.0000000000000000
RG3_JPN225_PERIOD_M5_1785715200_1786060800_16673594142441126755	8	1785945900	62	66460.0000000000000000	66483.0000000000000000	66435.0000000000000000	66473.0000000000000000	1	108.9633371876683158	66043.0000000000000000	-430.0000000000000000	140.0000000000000000	430.0000000000000000	570.0000000000000000	2408.0000000000000000	-18.0000000000000000	124.0000000000000000
RG3_JPN225_PERIOD_M5_1785715200_1786060800_16673594142441126755	8	1785946200	63	66465.0000000000000000	66513.0000000000000000	66428.0000000000000000	66449.0000000000000000	1	108.9633371876683158	66043.0000000000000000	-406.0000000000000000	140.0000000000000000	430.0000000000000000	546.0000000000000000	2432.0000000000000000	24.0000000000000000	42.0000000000000000
RG3_JPN225_PERIOD_M5_1785715200_1786060800_16673594142441126755	8	1785946500	64	66449.0000000000000000	66464.0000000000000000	66392.0000000000000000	66448.0000000000000000	1	108.9633371876683158	66043.0000000000000000	-405.0000000000000000	140.0000000000000000	430.0000000000000000	545.0000000000000000	2433.0000000000000000	1.0000000000000000	-23.0000000000000000
RG3_JPN225_PERIOD_M5_1785715200_1786060800_16673594142441126755	8	1785946800	65	66448.0000000000000000	66469.0000000000000000	66422.0000000000000000	66444.0000000000000000	1	108.9633371876683158	66043.0000000000000000	-401.0000000000000000	140.0000000000000000	430.0000000000000000	541.0000000000000000	2437.0000000000000000	4.0000000000000000	3.0000000000000000
RG3_JPN225_PERIOD_M5_1785715200_1786060800_16673594142441126755	8	1785947100	66	66444.0000000000000000	66563.0000000000000000	66444.0000000000000000	66528.0000000000000000	1	108.9633371876683158	66043.0000000000000000	-485.0000000000000000	140.0000000000000000	485.0000000000000000	625.0000000000000000	2521.0000000000000000	-84.0000000000000000	-88.0000000000000000
RG3_JPN225_PERIOD_M5_1785715200_1786060800_16673594142441126755	8	1785947400	67	66528.0000000000000000	66563.0000000000000000	66413.0000000000000000	66509.0000000000000000	1	108.9633371876683158	66043.0000000000000000	-466.0000000000000000	140.0000000000000000	485.0000000000000000	606.0000000000000000	2540.0000000000000000	19.0000000000000000	103.0000000000000000
RG3_JPN225_PERIOD_M5_1785715200_1786060800_16673594142441126755	8	1785947700	68	66512.0000000000000000	66697.0000000000000000	66388.0000000000000000	66659.0000000000000000	1	108.9633371876683158	66043.0000000000000000	-616.0000000000000000	140.0000000000000000	616.0000000000000000	756.0000000000000000	2690.0000000000000000	-150.0000000000000000	-169.0000000000000000
RG3_JPN225_PERIOD_M5_1785715200_1786060800_16673594142441126755	8	1785948000	69	66662.0000000000000000	66724.0000000000000000	66563.0000000000000000	66701.0000000000000000	1	108.9633371876683158	66043.0000000000000000	-658.0000000000000000	140.0000000000000000	658.0000000000000000	798.0000000000000000	2732.0000000000000000	-42.0000000000000000	108.0000000000000000
RG3_JPN225_PERIOD_M5_1785715200_1786060800_16673594142441126755	8	1785948300	70	66703.0000000000000000	66774.0000000000000000	66651.0000000000000000	66755.0000000000000000	1	108.9633371876683158	66043.0000000000000000	-712.0000000000000000	140.0000000000000000	712.0000000000000000	852.0000000000000000	2786.0000000000000000	-54.0000000000000000	-12.0000000000000000
RG3_JPN225_PERIOD_M5_1785715200_1786060800_16673594142441126755	8	1785948600	71	66754.0000000000000000	66778.0000000000000000	66628.0000000000000000	66713.0000000000000000	1	108.9633371876683158	66043.0000000000000000	-670.0000000000000000	140.0000000000000000	712.0000000000000000	810.0000000000000000	2828.0000000000000000	42.0000000000000000	96.0000000000000000
RG3_JPN225_PERIOD_M5_1785715200_1786060800_16673594142441126755	8	1785948900	72	66714.0000000000000000	66763.0000000000000000	66653.0000000000000000	66701.0000000000000000	1	108.9633371876683158	66043.0000000000000000	-658.0000000000000000	140.0000000000000000	712.0000000000000000	798.0000000000000000	2840.0000000000000000	12.0000000000000000	-30.0000000000000000
RG3_JPN225_PERIOD_M5_1785715200_1786060800_16673594142441126755	8	1785949200	73	66701.0000000000000000	66701.0000000000000000	66353.0000000000000000	66429.0000000000000000	1	108.9633371876683158	66043.0000000000000000	-386.0000000000000000	140.0000000000000000	712.0000000000000000	526.0000000000000000	3112.0000000000000000	272.0000000000000000	260.0000000000000000
RG3_JPN225_PERIOD_M5_1785715200_1786060800_16673594142441126755	8	1785949500	74	66430.0000000000000000	66608.0000000000000000	66422.0000000000000000	66533.0000000000000000	1	108.9633371876683158	66043.0000000000000000	-490.0000000000000000	140.0000000000000000	712.0000000000000000	630.0000000000000000	3216.0000000000000000	-104.0000000000000000	-376.0000000000000000
RG3_JPN225_PERIOD_M5_1785715200_1786060800_16673594142441126755	8	1785949800	75	66534.0000000000000000	66543.0000000000000000	66422.0000000000000000	66423.0000000000000000	1	108.9633371876683158	66043.0000000000000000	-380.0000000000000000	140.0000000000000000	712.0000000000000000	520.0000000000000000	3326.0000000000000000	110.0000000000000000	214.0000000000000000
RG3_JPN225_PERIOD_M5_1785715200_1786060800_16673594142441126755	8	1785950100	76	66423.0000000000000000	66465.0000000000000000	66357.0000000000000000	66358.0000000000000000	1	108.9633371876683158	66043.0000000000000000	-315.0000000000000000	140.0000000000000000	712.0000000000000000	455.0000000000000000	3391.0000000000000000	65.0000000000000000	-45.0000000000000000
RG3_JPN225_PERIOD_M5_1785715200_1786060800_16673594142441126755	8	1785950400	77	66358.0000000000000000	66368.0000000000000000	66235.0000000000000000	66347.0000000000000000	1	108.9633371876683158	66043.0000000000000000	-304.0000000000000000	140.0000000000000000	712.0000000000000000	444.0000000000000000	3402.0000000000000000	11.0000000000000000	-54.0000000000000000
RG3_JPN225_PERIOD_M5_1785715200_1786060800_16673594142441126755	8	1785950700	78	66348.0000000000000000	66384.0000000000000000	66247.0000000000000000	66265.0000000000000000	1	108.9633371876683158	66043.0000000000000000	-222.0000000000000000	140.0000000000000000	712.0000000000000000	362.0000000000000000	3484.0000000000000000	82.0000000000000000	71.0000000000000000
RG3_JPN225_PERIOD_M5_1785715200_1786060800_16673594142441126755	8	1785951000	79	66263.0000000000000000	66268.0000000000000000	66183.0000000000000000	66211.0000000000000000	1	108.9633371876683158	66043.0000000000000000	-168.0000000000000000	140.0000000000000000	712.0000000000000000	308.0000000000000000	3538.0000000000000000	54.0000000000000000	-28.0000000000000000
RG3_JPN225_PERIOD_M5_1785715200_1786060800_16673594142441126755	8	1785951300	80	66212.0000000000000000	66278.0000000000000000	66112.0000000000000000	66113.0000000000000000	1	108.9633371876683158	66043.0000000000000000	-70.0000000000000000	140.0000000000000000	712.0000000000000000	210.0000000000000000	3636.0000000000000000	98.0000000000000000	44.0000000000000000
RG3_JPN225_PERIOD_M5_1785715200_1786060800_16673594142441126755	8	1785951600	81	66113.0000000000000000	66168.0000000000000000	66043.0000000000000000	66145.0000000000000000	1	108.9633371876683158	66043.0000000000000000	-102.0000000000000000	140.0000000000000000	712.0000000000000000	242.0000000000000000	3668.0000000000000000	-32.0000000000000000	-130.0000000000000000
RG3_JPN225_PERIOD_M5_1785715200_1786060800_16673594142441126755	8	1785951900	82	66145.0000000000000000	66193.0000000000000000	66093.0000000000000000	66097.0000000000000000	1	108.9633371876683158	66043.0000000000000000	-54.0000000000000000	140.0000000000000000	712.0000000000000000	194.0000000000000000	3716.0000000000000000	48.0000000000000000	80.0000000000000000
RG3_JPN225_PERIOD_M5_1785715200_1786060800_16673594142441126755	8	1785952200	83	66092.0000000000000000	66112.0000000000000000	65862.0000000000000000	65944.0000000000000000	1	108.9633371876683158	66043.0000000000000000	99.0000000000000000	140.0000000000000000	712.0000000000000000	41.0000000000000000	3869.0000000000000000	153.0000000000000000	105.0000000000000000
RG3_JPN225_PERIOD_M5_1785715200_1786060800_16673594142441126755	8	1785952500	84	65944.0000000000000000	66023.0000000000000000	65876.0000000000000000	65993.0000000000000000	1	108.9633371876683158	66043.0000000000000000	50.0000000000000000	140.0000000000000000	712.0000000000000000	90.0000000000000000	3918.0000000000000000	-49.0000000000000000	-202.0000000000000000
RG3_JPN225_PERIOD_M5_1785715200_1786060800_16673594142441126755	8	1785952800	85	65995.0000000000000000	66055.0000000000000000	65958.0000000000000000	65994.0000000000000000	1	108.9633371876683158	66043.0000000000000000	49.0000000000000000	140.0000000000000000	712.0000000000000000	91.0000000000000000	3919.0000000000000000	-1.0000000000000000	48.0000000000000000
RG3_JPN225_PERIOD_M5_1785715200_1786060800_16673594142441126755	8	1785953100	86	65996.0000000000000000	66054.0000000000000000	65967.0000000000000000	66038.0000000000000000	1	108.9633371876683158	66043.0000000000000000	5.0000000000000000	140.0000000000000000	712.0000000000000000	135.0000000000000000	3963.0000000000000000	-44.0000000000000000	-43.0000000000000000
RG3_JPN225_PERIOD_M5_1785715200_1786060800_16673594142441126755	8	1785953400	87	66038.0000000000000000	66083.0000000000000000	65948.0000000000000000	65959.0000000000000000	1	108.9633371876683158	66043.0000000000000000	84.0000000000000000	140.0000000000000000	712.0000000000000000	56.0000000000000000	4042.0000000000000000	79.0000000000000000	123.0000000000000000
RG3_JPN225_PERIOD_M5_1785715200_1786060800_16673594142441126755	8	1785953700	88	65959.0000000000000000	65983.0000000000000000	65808.0000000000000000	65948.0000000000000000	1	108.9633371876683158	66043.0000000000000000	95.0000000000000000	140.0000000000000000	712.0000000000000000	45.0000000000000000	4053.0000000000000000	11.0000000000000000	-68.0000000000000000
RG3_JPN225_PERIOD_M5_1785715200_1786060800_16673594142441126755	8	1785954000	89	65952.0000000000000000	66000.0000000000000000	65920.0000000000000000	65957.0000000000000000	1	108.9633371876683158	66043.0000000000000000	86.0000000000000000	140.0000000000000000	712.0000000000000000	54.0000000000000000	4062.0000000000000000	-9.0000000000000000	-20.0000000000000000
RG3_JPN225_PERIOD_M5_1785715200_1786060800_16673594142441126755	8	1785954300	90	65955.0000000000000000	65979.0000000000000000	65893.0000000000000000	65923.0000000000000000	1	108.9633371876683158	66043.0000000000000000	120.0000000000000000	140.0000000000000000	712.0000000000000000	20.0000000000000000	4096.0000000000000000	34.0000000000000000	43.0000000000000000
RG3_JPN225_PERIOD_M5_1785715200_1786060800_16673594142441126755	8	1785954600	91	65923.0000000000000000	66039.0000000000000000	65905.0000000000000000	65915.0000000000000000	1	108.9633371876683158	66043.0000000000000000	128.0000000000000000	140.0000000000000000	712.0000000000000000	12.0000000000000000	4104.0000000000000000	8.0000000000000000	-26.0000000000000000
RG3_JPN225_PERIOD_M5_1785715200_1786060800_16673594142441126755	8	1785954900	92	65917.0000000000000000	66034.0000000000000000	65917.0000000000000000	66023.0000000000000000	1	108.9633371876683158	66043.0000000000000000	20.0000000000000000	140.0000000000000000	712.0000000000000000	120.0000000000000000	4212.0000000000000000	-108.0000000000000000	-116.0000000000000000
RG3_JPN225_PERIOD_M5_1785715200_1786060800_16673594142441126755	8	1785955200	93	66023.0000000000000000	66039.0000000000000000	65953.0000000000000000	65973.0000000000000000	1	108.9633371876683158	66043.0000000000000000	70.0000000000000000	140.0000000000000000	712.0000000000000000	70.0000000000000000	4262.0000000000000000	50.0000000000000000	158.0000000000000000
RG3_JPN225_PERIOD_M5_1785715200_1786060800_16673594142441126755	8	1785955500	94	65973.0000000000000000	65973.0000000000000000	65899.0000000000000000	65913.0000000000000000	1	108.9633371876683158	66043.0000000000000000	130.0000000000000000	140.0000000000000000	712.0000000000000000	10.0000000000000000	4322.0000000000000000	60.0000000000000000	10.0000000000000000
RG3_JPN225_PERIOD_M5_1785715200_1786060800_16673594142441126755	8	1785955800	95	65910.0000000000000000	65939.0000000000000000	65868.0000000000000000	65913.0000000000000000	1	108.9633371876683158	66043.0000000000000000	130.0000000000000000	140.0000000000000000	712.0000000000000000	10.0000000000000000	4322.0000000000000000	0.0000000000000000	-60.0000000000000000
RG3_JPN225_PERIOD_M5_1785715200_1786060800_16673594142441126755	8	1785956100	96	65912.0000000000000000	65913.0000000000000000	65803.0000000000000000	65858.0000000000000000	1	108.9633371876683158	66043.0000000000000000	185.0000000000000000	185.0000000000000000	712.0000000000000000	0.0000000000000000	4377.0000000000000000	55.0000000000000000	55.0000000000000000
RG3_JPN225_PERIOD_M5_1785715200_1786060800_16673594142441126755	8	1785956400	97	65858.0000000000000000	65937.0000000000000000	65845.0000000000000000	65928.0000000000000000	1	108.9633371876683158	66043.0000000000000000	115.0000000000000000	185.0000000000000000	712.0000000000000000	70.0000000000000000	4447.0000000000000000	-70.0000000000000000	-125.0000000000000000
RG3_JPN225_PERIOD_M5_1785715200_1786060800_16673594142441126755	8	1785956700	98	65929.0000000000000000	65934.0000000000000000	65813.0000000000000000	65853.0000000000000000	1	108.9633371876683158	66043.0000000000000000	190.0000000000000000	190.0000000000000000	712.0000000000000000	0.0000000000000000	4522.0000000000000000	75.0000000000000000	145.0000000000000000
RG3_JPN225_PERIOD_M5_1785715200_1786060800_16673594142441126755	8	1785957000	99	65852.0000000000000000	65874.0000000000000000	65802.0000000000000000	65866.0000000000000000	1	108.9633371876683158	66043.0000000000000000	177.0000000000000000	190.0000000000000000	712.0000000000000000	13.0000000000000000	4535.0000000000000000	-13.0000000000000000	-88.0000000000000000
RG3_JPN225_PERIOD_M5_1785715200_1786060800_16673594142441126755	8	1785957300	100	65873.0000000000000000	65932.0000000000000000	65846.0000000000000000	65892.0000000000000000	1	108.9633371876683158	66043.0000000000000000	151.0000000000000000	190.0000000000000000	712.0000000000000000	39.0000000000000000	4561.0000000000000000	-26.0000000000000000	-13.0000000000000000
RG3_JPN225_PERIOD_M5_1785715200_1786060800_16673594142441126755	8	1785957600	101	65892.0000000000000000	65973.0000000000000000	65878.0000000000000000	65902.0000000000000000	1	108.9633371876683158	66043.0000000000000000	141.0000000000000000	190.0000000000000000	712.0000000000000000	49.0000000000000000	4571.0000000000000000	-10.0000000000000000	16.0000000000000000
RG3_JPN225_PERIOD_M5_1785715200_1786060800_16673594142441126755	8	1785957900	102	65900.0000000000000000	66005.0000000000000000	65900.0000000000000000	66000.0000000000000000	2	108.9633371876683158	66043.0000000000000000	43.0000000000000000	190.0000000000000000	712.0000000000000000	147.0000000000000000	4669.0000000000000000	-98.0000000000000000	-88.0000000000000000
RG3_JPN225_PERIOD_M5_1785715200_1786060800_16673594142441126755	9	1785972300	0	65724.0000000000000000	65739.0000000000000000	65704.0000000000000000	65732.0000000000000000	1	102.4603758414663588	65732.0000000000000000	0.0000000000000000	0.0000000000000000	0.0000000000000000	0.0000000000000000	0.0000000000000000	0.0000000000000000	0.0000000000000000
RG3_JPN225_PERIOD_M5_1785715200_1786060800_16673594142441126755	9	1785972600	1	65724.0000000000000000	65753.0000000000000000	65719.0000000000000000	65752.0000000000000000	1	102.4603758414663588	65732.0000000000000000	-20.0000000000000000	0.0000000000000000	20.0000000000000000	20.0000000000000000	20.0000000000000000	-20.0000000000000000	-20.0000000000000000
RG3_JPN225_PERIOD_M5_1785715200_1786060800_16673594142441126755	9	1785972900	2	65752.0000000000000000	65752.0000000000000000	65662.0000000000000000	65708.0000000000000000	1	102.4603758414663588	65732.0000000000000000	24.0000000000000000	24.0000000000000000	20.0000000000000000	0.0000000000000000	64.0000000000000000	44.0000000000000000	64.0000000000000000
RG3_JPN225_PERIOD_M5_1785715200_1786060800_16673594142441126755	9	1785973200	3	65708.0000000000000000	65758.0000000000000000	65704.0000000000000000	65756.0000000000000000	1	102.4603758414663588	65732.0000000000000000	-24.0000000000000000	24.0000000000000000	24.0000000000000000	48.0000000000000000	112.0000000000000000	-48.0000000000000000	-92.0000000000000000
RG3_JPN225_PERIOD_M5_1785715200_1786060800_16673594142441126755	9	1785973500	4	65755.0000000000000000	65758.0000000000000000	65730.0000000000000000	65735.0000000000000000	1	102.4603758414663588	65732.0000000000000000	-3.0000000000000000	24.0000000000000000	24.0000000000000000	27.0000000000000000	133.0000000000000000	21.0000000000000000	69.0000000000000000
RG3_JPN225_PERIOD_M5_1785715200_1786060800_16673594142441126755	9	1785973800	5	65735.0000000000000000	65753.0000000000000000	65713.0000000000000000	65740.0000000000000000	1	102.4603758414663588	65732.0000000000000000	-8.0000000000000000	24.0000000000000000	24.0000000000000000	32.0000000000000000	138.0000000000000000	-5.0000000000000000	-26.0000000000000000
RG3_JPN225_PERIOD_M5_1785715200_1786060800_16673594142441126755	9	1785974100	6	65740.0000000000000000	65773.0000000000000000	65740.0000000000000000	65765.0000000000000000	1	102.4603758414663588	65732.0000000000000000	-33.0000000000000000	24.0000000000000000	33.0000000000000000	57.0000000000000000	163.0000000000000000	-25.0000000000000000	-20.0000000000000000
RG3_JPN225_PERIOD_M5_1785715200_1786060800_16673594142441126755	9	1785978000	7	65770.0000000000000000	65785.0000000000000000	65770.0000000000000000	65785.0000000000000000	1	102.4603758414663588	65732.0000000000000000	-53.0000000000000000	24.0000000000000000	53.0000000000000000	77.0000000000000000	183.0000000000000000	-20.0000000000000000	5.0000000000000000
RG3_JPN225_PERIOD_M5_1785715200_1786060800_16673594142441126755	9	1785978300	8	65785.0000000000000000	65790.0000000000000000	65725.0000000000000000	65770.0000000000000000	1	102.4603758414663588	65732.0000000000000000	-38.0000000000000000	24.0000000000000000	53.0000000000000000	62.0000000000000000	198.0000000000000000	15.0000000000000000	35.0000000000000000
RG3_JPN225_PERIOD_M5_1785715200_1786060800_16673594142441126755	9	1785978600	9	65772.0000000000000000	65793.0000000000000000	65772.0000000000000000	65792.0000000000000000	1	102.4603758414663588	65732.0000000000000000	-60.0000000000000000	24.0000000000000000	60.0000000000000000	84.0000000000000000	220.0000000000000000	-22.0000000000000000	-37.0000000000000000
RG3_JPN225_PERIOD_M5_1785715200_1786060800_16673594142441126755	9	1785978900	10	65792.0000000000000000	65823.0000000000000000	65792.0000000000000000	65818.0000000000000000	1	102.4603758414663588	65732.0000000000000000	-86.0000000000000000	24.0000000000000000	86.0000000000000000	110.0000000000000000	246.0000000000000000	-26.0000000000000000	-4.0000000000000000
RG3_JPN225_PERIOD_M5_1785715200_1786060800_16673594142441126755	9	1785979200	11	65821.0000000000000000	65896.0000000000000000	65815.0000000000000000	65890.0000000000000000	1	102.4603758414663588	65732.0000000000000000	-158.0000000000000000	24.0000000000000000	158.0000000000000000	182.0000000000000000	318.0000000000000000	-72.0000000000000000	-46.0000000000000000
RG3_JPN225_PERIOD_M5_1785715200_1786060800_16673594142441126755	9	1785979500	12	65889.0000000000000000	65901.0000000000000000	65888.0000000000000000	65898.0000000000000000	1	102.4603758414663588	65732.0000000000000000	-166.0000000000000000	24.0000000000000000	166.0000000000000000	190.0000000000000000	326.0000000000000000	-8.0000000000000000	64.0000000000000000
RG3_JPN225_PERIOD_M5_1785715200_1786060800_16673594142441126755	9	1785979800	13	65898.0000000000000000	65951.0000000000000000	65883.0000000000000000	65951.0000000000000000	1	102.4603758414663588	65732.0000000000000000	-219.0000000000000000	24.0000000000000000	219.0000000000000000	243.0000000000000000	379.0000000000000000	-53.0000000000000000	-45.0000000000000000
RG3_JPN225_PERIOD_M5_1785715200_1786060800_16673594142441126755	9	1785980100	14	65948.0000000000000000	65948.0000000000000000	65890.0000000000000000	65896.0000000000000000	1	102.4603758414663588	65732.0000000000000000	-164.0000000000000000	24.0000000000000000	219.0000000000000000	188.0000000000000000	434.0000000000000000	55.0000000000000000	108.0000000000000000
RG3_JPN225_PERIOD_M5_1785715200_1786060800_16673594142441126755	9	1785980400	15	65890.0000000000000000	65896.0000000000000000	65883.0000000000000000	65888.0000000000000000	1	102.4603758414663588	65732.0000000000000000	-156.0000000000000000	24.0000000000000000	219.0000000000000000	180.0000000000000000	442.0000000000000000	8.0000000000000000	-47.0000000000000000
RG3_JPN225_PERIOD_M5_1785715200_1786060800_16673594142441126755	9	1785980700	16	65883.0000000000000000	65911.0000000000000000	65883.0000000000000000	65886.0000000000000000	1	102.4603758414663588	65732.0000000000000000	-154.0000000000000000	24.0000000000000000	219.0000000000000000	178.0000000000000000	444.0000000000000000	2.0000000000000000	-6.0000000000000000
RG3_JPN225_PERIOD_M5_1785715200_1786060800_16673594142441126755	9	1785981000	17	65886.0000000000000000	65901.0000000000000000	65863.0000000000000000	65886.0000000000000000	1	102.4603758414663588	65732.0000000000000000	-154.0000000000000000	24.0000000000000000	219.0000000000000000	178.0000000000000000	444.0000000000000000	0.0000000000000000	-2.0000000000000000
RG3_JPN225_PERIOD_M5_1785715200_1786060800_16673594142441126755	9	1785981300	18	65886.0000000000000000	65886.0000000000000000	65847.0000000000000000	65847.0000000000000000	1	102.4603758414663588	65732.0000000000000000	-115.0000000000000000	24.0000000000000000	219.0000000000000000	139.0000000000000000	483.0000000000000000	39.0000000000000000	39.0000000000000000
RG3_JPN225_PERIOD_M5_1785715200_1786060800_16673594142441126755	9	1785981600	19	65847.0000000000000000	65847.0000000000000000	65803.0000000000000000	65826.0000000000000000	1	102.4603758414663588	65732.0000000000000000	-94.0000000000000000	24.0000000000000000	219.0000000000000000	118.0000000000000000	504.0000000000000000	21.0000000000000000	-18.0000000000000000
RG3_JPN225_PERIOD_M5_1785715200_1786060800_16673594142441126755	9	1785981900	20	65826.0000000000000000	65831.0000000000000000	65807.0000000000000000	65810.0000000000000000	1	102.4603758414663588	65732.0000000000000000	-78.0000000000000000	24.0000000000000000	219.0000000000000000	102.0000000000000000	520.0000000000000000	16.0000000000000000	-5.0000000000000000
RG3_JPN225_PERIOD_M5_1785715200_1786060800_16673594142441126755	9	1785982200	21	65800.0000000000000000	65811.0000000000000000	65780.0000000000000000	65806.0000000000000000	1	102.4603758414663588	65732.0000000000000000	-74.0000000000000000	24.0000000000000000	219.0000000000000000	98.0000000000000000	524.0000000000000000	4.0000000000000000	-12.0000000000000000
RG3_JPN225_PERIOD_M5_1785715200_1786060800_16673594142441126755	9	1785982500	22	65800.0000000000000000	65806.0000000000000000	65789.0000000000000000	65806.0000000000000000	1	102.4603758414663588	65732.0000000000000000	-74.0000000000000000	24.0000000000000000	219.0000000000000000	98.0000000000000000	524.0000000000000000	0.0000000000000000	-4.0000000000000000
RG3_JPN225_PERIOD_M5_1785715200_1786060800_16673594142441126755	9	1785982800	23	65806.0000000000000000	65831.0000000000000000	65796.0000000000000000	65818.0000000000000000	1	102.4603758414663588	65732.0000000000000000	-86.0000000000000000	24.0000000000000000	219.0000000000000000	110.0000000000000000	536.0000000000000000	-12.0000000000000000	-12.0000000000000000
RG3_JPN225_PERIOD_M5_1785715200_1786060800_16673594142441126755	9	1785983100	24	65818.0000000000000000	65851.0000000000000000	65818.0000000000000000	65826.0000000000000000	1	102.4603758414663588	65732.0000000000000000	-94.0000000000000000	24.0000000000000000	219.0000000000000000	118.0000000000000000	544.0000000000000000	-8.0000000000000000	4.0000000000000000
RG3_JPN225_PERIOD_M5_1785715200_1786060800_16673594142441126755	9	1785983400	25	65826.0000000000000000	65826.0000000000000000	65725.0000000000000000	65733.0000000000000000	1	102.4603758414663588	65732.0000000000000000	-1.0000000000000000	24.0000000000000000	219.0000000000000000	25.0000000000000000	637.0000000000000000	93.0000000000000000	101.0000000000000000
RG3_JPN225_PERIOD_M5_1785715200_1786060800_16673594142441126755	9	1785983700	26	65731.0000000000000000	65738.0000000000000000	65556.0000000000000000	65646.0000000000000000	1	102.4603758414663588	65732.0000000000000000	86.0000000000000000	86.0000000000000000	219.0000000000000000	0.0000000000000000	724.0000000000000000	87.0000000000000000	-6.0000000000000000
RG3_JPN225_PERIOD_M5_1785715200_1786060800_16673594142441126755	9	1785984000	27	65646.0000000000000000	65653.0000000000000000	65584.0000000000000000	65589.0000000000000000	1	102.4603758414663588	65732.0000000000000000	143.0000000000000000	143.0000000000000000	219.0000000000000000	0.0000000000000000	781.0000000000000000	57.0000000000000000	-30.0000000000000000
RG3_JPN225_PERIOD_M5_1785715200_1786060800_16673594142441126755	9	1785984300	28	65589.0000000000000000	65642.0000000000000000	65413.0000000000000000	65525.0000000000000000	1	102.4603758414663588	65732.0000000000000000	207.0000000000000000	207.0000000000000000	219.0000000000000000	0.0000000000000000	845.0000000000000000	64.0000000000000000	7.0000000000000000
RG3_JPN225_PERIOD_M5_1785715200_1786060800_16673594142441126755	9	1785984600	29	65526.0000000000000000	65628.0000000000000000	65481.0000000000000000	65612.0000000000000000	1	102.4603758414663588	65732.0000000000000000	120.0000000000000000	207.0000000000000000	219.0000000000000000	87.0000000000000000	932.0000000000000000	-87.0000000000000000	-151.0000000000000000
RG3_JPN225_PERIOD_M5_1785715200_1786060800_16673594142441126755	9	1785984900	30	65613.0000000000000000	65652.0000000000000000	65476.0000000000000000	65521.0000000000000000	1	102.4603758414663588	65732.0000000000000000	211.0000000000000000	211.0000000000000000	219.0000000000000000	0.0000000000000000	1023.0000000000000000	91.0000000000000000	178.0000000000000000
RG3_JPN225_PERIOD_M5_1785715200_1786060800_16673594142441126755	9	1785985200	31	65526.0000000000000000	65709.0000000000000000	65415.0000000000000000	65606.0000000000000000	1	102.4603758414663588	65732.0000000000000000	126.0000000000000000	211.0000000000000000	219.0000000000000000	85.0000000000000000	1108.0000000000000000	-85.0000000000000000	-176.0000000000000000
RG3_JPN225_PERIOD_M5_1785715200_1786060800_16673594142441126755	9	1785985500	32	65606.0000000000000000	65641.0000000000000000	65435.0000000000000000	65468.0000000000000000	1	102.4603758414663588	65732.0000000000000000	264.0000000000000000	264.0000000000000000	219.0000000000000000	0.0000000000000000	1246.0000000000000000	138.0000000000000000	223.0000000000000000
RG3_JPN225_PERIOD_M5_1785715200_1786060800_16673594142441126755	9	1785985800	33	65468.0000000000000000	65656.0000000000000000	65404.0000000000000000	65651.0000000000000000	1	102.4603758414663588	65732.0000000000000000	81.0000000000000000	264.0000000000000000	219.0000000000000000	183.0000000000000000	1429.0000000000000000	-183.0000000000000000	-321.0000000000000000
RG3_JPN225_PERIOD_M5_1785715200_1786060800_16673594142441126755	9	1785986100	34	65650.0000000000000000	65679.0000000000000000	65323.0000000000000000	65378.0000000000000000	1	102.4603758414663588	65732.0000000000000000	354.0000000000000000	354.0000000000000000	219.0000000000000000	0.0000000000000000	1702.0000000000000000	273.0000000000000000	456.0000000000000000
RG3_JPN225_PERIOD_M5_1785715200_1786060800_16673594142441126755	9	1785986400	35	65378.0000000000000000	65463.0000000000000000	65281.0000000000000000	65446.0000000000000000	1	102.4603758414663588	65732.0000000000000000	286.0000000000000000	354.0000000000000000	219.0000000000000000	68.0000000000000000	1770.0000000000000000	-68.0000000000000000	-341.0000000000000000
RG3_JPN225_PERIOD_M5_1785715200_1786060800_16673594142441126755	9	1785986700	36	65443.0000000000000000	65506.0000000000000000	65208.0000000000000000	65262.0000000000000000	1	102.4603758414663588	65732.0000000000000000	470.0000000000000000	470.0000000000000000	219.0000000000000000	0.0000000000000000	1954.0000000000000000	184.0000000000000000	252.0000000000000000
RG3_JPN225_PERIOD_M5_1785715200_1786060800_16673594142441126755	9	1785987000	37	65261.0000000000000000	65352.0000000000000000	65241.0000000000000000	65301.0000000000000000	1	102.4603758414663588	65732.0000000000000000	431.0000000000000000	470.0000000000000000	219.0000000000000000	39.0000000000000000	1993.0000000000000000	-39.0000000000000000	-223.0000000000000000
RG3_JPN225_PERIOD_M5_1785715200_1786060800_16673594142441126755	9	1785987300	38	65298.0000000000000000	65459.0000000000000000	65281.0000000000000000	65457.0000000000000000	1	102.4603758414663588	65732.0000000000000000	275.0000000000000000	470.0000000000000000	219.0000000000000000	195.0000000000000000	2149.0000000000000000	-156.0000000000000000	-117.0000000000000000
RG3_JPN225_PERIOD_M5_1785715200_1786060800_16673594142441126755	9	1785987600	39	65457.0000000000000000	65523.0000000000000000	65321.0000000000000000	65334.0000000000000000	1	102.4603758414663588	65732.0000000000000000	398.0000000000000000	470.0000000000000000	219.0000000000000000	72.0000000000000000	2272.0000000000000000	123.0000000000000000	279.0000000000000000
RG3_JPN225_PERIOD_M5_1785715200_1786060800_16673594142441126755	9	1785987900	40	65335.0000000000000000	65418.0000000000000000	65311.0000000000000000	65336.0000000000000000	1	102.4603758414663588	65732.0000000000000000	396.0000000000000000	470.0000000000000000	219.0000000000000000	74.0000000000000000	2274.0000000000000000	-2.0000000000000000	-125.0000000000000000
RG3_JPN225_PERIOD_M5_1785715200_1786060800_16673594142441126755	9	1785988200	41	65333.0000000000000000	65334.0000000000000000	65173.0000000000000000	65195.0000000000000000	1	102.4603758414663588	65732.0000000000000000	537.0000000000000000	537.0000000000000000	219.0000000000000000	0.0000000000000000	2415.0000000000000000	141.0000000000000000	143.0000000000000000
RG3_JPN225_PERIOD_M5_1785715200_1786060800_16673594142441126755	9	1785988500	42	65191.0000000000000000	65254.0000000000000000	65178.0000000000000000	65198.0000000000000000	1	102.4603758414663588	65732.0000000000000000	534.0000000000000000	537.0000000000000000	219.0000000000000000	3.0000000000000000	2418.0000000000000000	-3.0000000000000000	-144.0000000000000000
RG3_JPN225_PERIOD_M5_1785715200_1786060800_16673594142441126755	9	1785988800	43	65198.0000000000000000	65238.0000000000000000	65107.0000000000000000	65155.0000000000000000	1	102.4603758414663588	65732.0000000000000000	577.0000000000000000	577.0000000000000000	219.0000000000000000	0.0000000000000000	2461.0000000000000000	43.0000000000000000	46.0000000000000000
RG3_JPN225_PERIOD_M5_1785715200_1786060800_16673594142441126755	9	1785989100	44	65155.0000000000000000	65218.0000000000000000	65116.0000000000000000	65171.0000000000000000	1	102.4603758414663588	65732.0000000000000000	561.0000000000000000	577.0000000000000000	219.0000000000000000	16.0000000000000000	2477.0000000000000000	-16.0000000000000000	-59.0000000000000000
RG3_JPN225_PERIOD_M5_1785715200_1786060800_16673594142441126755	9	1785989400	45	65171.0000000000000000	65284.0000000000000000	65146.0000000000000000	65256.0000000000000000	1	102.4603758414663588	65732.0000000000000000	476.0000000000000000	577.0000000000000000	219.0000000000000000	101.0000000000000000	2562.0000000000000000	-85.0000000000000000	-69.0000000000000000
RG3_JPN225_PERIOD_M5_1785715200_1786060800_16673594142441126755	9	1785989700	46	65257.0000000000000000	65258.0000000000000000	65079.0000000000000000	65152.0000000000000000	1	102.4603758414663588	65732.0000000000000000	580.0000000000000000	580.0000000000000000	219.0000000000000000	0.0000000000000000	2666.0000000000000000	104.0000000000000000	189.0000000000000000
RG3_JPN225_PERIOD_M5_1785715200_1786060800_16673594142441126755	9	1785990000	47	65152.0000000000000000	65156.0000000000000000	65018.0000000000000000	65088.0000000000000000	1	102.4603758414663588	65732.0000000000000000	644.0000000000000000	644.0000000000000000	219.0000000000000000	0.0000000000000000	2730.0000000000000000	64.0000000000000000	-40.0000000000000000
RG3_JPN225_PERIOD_M5_1785715200_1786060800_16673594142441126755	9	1785990300	48	65088.0000000000000000	65091.0000000000000000	64953.0000000000000000	65011.0000000000000000	1	102.4603758414663588	65732.0000000000000000	721.0000000000000000	721.0000000000000000	219.0000000000000000	0.0000000000000000	2807.0000000000000000	77.0000000000000000	13.0000000000000000
RG3_JPN225_PERIOD_M5_1785715200_1786060800_16673594142441126755	9	1785990600	49	65016.0000000000000000	65140.0000000000000000	64998.0000000000000000	65023.0000000000000000	1	102.4603758414663588	65732.0000000000000000	709.0000000000000000	721.0000000000000000	219.0000000000000000	12.0000000000000000	2819.0000000000000000	-12.0000000000000000	-89.0000000000000000
RG3_JPN225_PERIOD_M5_1785715200_1786060800_16673594142441126755	9	1785990900	50	65024.0000000000000000	65050.0000000000000000	64959.0000000000000000	64998.0000000000000000	1	102.4603758414663588	65732.0000000000000000	734.0000000000000000	734.0000000000000000	219.0000000000000000	0.0000000000000000	2844.0000000000000000	25.0000000000000000	37.0000000000000000
RG3_JPN225_PERIOD_M5_1785715200_1786060800_16673594142441126755	9	1785991200	51	64998.0000000000000000	65084.0000000000000000	64953.0000000000000000	64960.0000000000000000	1	102.4603758414663588	65732.0000000000000000	772.0000000000000000	772.0000000000000000	219.0000000000000000	0.0000000000000000	2882.0000000000000000	38.0000000000000000	13.0000000000000000
RG3_JPN225_PERIOD_M5_1785715200_1786060800_16673594142441126755	9	1785991500	52	64965.0000000000000000	65114.0000000000000000	64943.0000000000000000	65074.0000000000000000	1	102.4603758414663588	65732.0000000000000000	658.0000000000000000	772.0000000000000000	219.0000000000000000	114.0000000000000000	2996.0000000000000000	-114.0000000000000000	-152.0000000000000000
RG3_JPN225_PERIOD_M5_1785715200_1786060800_16673594142441126755	9	1785991800	53	65075.0000000000000000	65075.0000000000000000	64953.0000000000000000	65004.0000000000000000	1	102.4603758414663588	65732.0000000000000000	728.0000000000000000	772.0000000000000000	219.0000000000000000	44.0000000000000000	3066.0000000000000000	70.0000000000000000	184.0000000000000000
RG3_JPN225_PERIOD_M5_1785715200_1786060800_16673594142441126755	9	1785992100	54	65003.0000000000000000	65042.0000000000000000	64959.0000000000000000	65039.0000000000000000	1	102.4603758414663588	65732.0000000000000000	693.0000000000000000	772.0000000000000000	219.0000000000000000	79.0000000000000000	3101.0000000000000000	-35.0000000000000000	-105.0000000000000000
RG3_JPN225_PERIOD_M5_1785715200_1786060800_16673594142441126755	9	1785992400	55	65039.0000000000000000	65101.0000000000000000	64988.0000000000000000	65054.0000000000000000	1	102.4603758414663588	65732.0000000000000000	678.0000000000000000	772.0000000000000000	219.0000000000000000	94.0000000000000000	3116.0000000000000000	-15.0000000000000000	20.0000000000000000
RG3_JPN225_PERIOD_M5_1785715200_1786060800_16673594142441126755	9	1785992700	56	65055.0000000000000000	65176.0000000000000000	65053.0000000000000000	65174.0000000000000000	1	102.4603758414663588	65732.0000000000000000	558.0000000000000000	772.0000000000000000	219.0000000000000000	214.0000000000000000	3236.0000000000000000	-120.0000000000000000	-105.0000000000000000
RG3_JPN225_PERIOD_M5_1785715200_1786060800_16673594142441126755	9	1785993000	57	65169.0000000000000000	65235.0000000000000000	65129.0000000000000000	65229.0000000000000000	1	102.4603758414663588	65732.0000000000000000	503.0000000000000000	772.0000000000000000	219.0000000000000000	269.0000000000000000	3291.0000000000000000	-55.0000000000000000	65.0000000000000000
RG3_JPN225_PERIOD_M5_1785715200_1786060800_16673594142441126755	9	1785993300	58	65229.0000000000000000	65289.0000000000000000	65198.0000000000000000	65280.0000000000000000	1	102.4603758414663588	65732.0000000000000000	452.0000000000000000	772.0000000000000000	219.0000000000000000	320.0000000000000000	3342.0000000000000000	-51.0000000000000000	4.0000000000000000
RG3_JPN225_PERIOD_M5_1785715200_1786060800_16673594142441126755	9	1785993600	59	65280.0000000000000000	65391.0000000000000000	65258.0000000000000000	65364.0000000000000000	1	102.4603758414663588	65732.0000000000000000	368.0000000000000000	772.0000000000000000	219.0000000000000000	404.0000000000000000	3426.0000000000000000	-84.0000000000000000	-33.0000000000000000
RG3_JPN225_PERIOD_M5_1785715200_1786060800_16673594142441126755	9	1785993900	60	65359.0000000000000000	65380.0000000000000000	65274.0000000000000000	65290.0000000000000000	1	102.4603758414663588	65732.0000000000000000	442.0000000000000000	772.0000000000000000	219.0000000000000000	330.0000000000000000	3500.0000000000000000	74.0000000000000000	158.0000000000000000
RG3_JPN225_PERIOD_M5_1785715200_1786060800_16673594142441126755	9	1785994200	61	65290.0000000000000000	65429.0000000000000000	65248.0000000000000000	65403.0000000000000000	1	102.4603758414663588	65732.0000000000000000	329.0000000000000000	772.0000000000000000	219.0000000000000000	443.0000000000000000	3613.0000000000000000	-113.0000000000000000	-187.0000000000000000
RG3_JPN225_PERIOD_M5_1785715200_1786060800_16673594142441126755	9	1785994500	62	65403.0000000000000000	65405.0000000000000000	65343.0000000000000000	65399.0000000000000000	1	102.4603758414663588	65732.0000000000000000	333.0000000000000000	772.0000000000000000	219.0000000000000000	439.0000000000000000	3617.0000000000000000	4.0000000000000000	117.0000000000000000
RG3_JPN225_PERIOD_M5_1785715200_1786060800_16673594142441126755	9	1785994800	63	65399.0000000000000000	65559.0000000000000000	65393.0000000000000000	65559.0000000000000000	1	102.4603758414663588	65732.0000000000000000	173.0000000000000000	772.0000000000000000	219.0000000000000000	599.0000000000000000	3777.0000000000000000	-160.0000000000000000	-164.0000000000000000
RG3_JPN225_PERIOD_M5_1785715200_1786060800_16673594142441126755	9	1785995100	64	65559.0000000000000000	65586.0000000000000000	65493.0000000000000000	65555.0000000000000000	1	102.4603758414663588	65732.0000000000000000	177.0000000000000000	772.0000000000000000	219.0000000000000000	595.0000000000000000	3781.0000000000000000	4.0000000000000000	164.0000000000000000
RG3_JPN225_PERIOD_M5_1785715200_1786060800_16673594142441126755	9	1785995400	65	65549.0000000000000000	65611.0000000000000000	65533.0000000000000000	65605.0000000000000000	1	102.4603758414663588	65732.0000000000000000	127.0000000000000000	772.0000000000000000	219.0000000000000000	645.0000000000000000	3831.0000000000000000	-50.0000000000000000	-54.0000000000000000
RG3_JPN225_PERIOD_M5_1785715200_1786060800_16673594142441126755	9	1785995700	66	65599.0000000000000000	65600.0000000000000000	65543.0000000000000000	65595.0000000000000000	1	102.4603758414663588	65732.0000000000000000	137.0000000000000000	772.0000000000000000	219.0000000000000000	635.0000000000000000	3841.0000000000000000	10.0000000000000000	60.0000000000000000
RG3_JPN225_PERIOD_M5_1785715200_1786060800_16673594142441126755	9	1785996000	67	65595.0000000000000000	65697.0000000000000000	65559.0000000000000000	65690.0000000000000000	1	102.4603758414663588	65732.0000000000000000	42.0000000000000000	772.0000000000000000	219.0000000000000000	730.0000000000000000	3936.0000000000000000	-95.0000000000000000	-105.0000000000000000
RG3_JPN225_PERIOD_M5_1785715200_1786060800_16673594142441126755	9	1785996300	68	65692.0000000000000000	65710.0000000000000000	65559.0000000000000000	65576.0000000000000000	1	102.4603758414663588	65732.0000000000000000	156.0000000000000000	772.0000000000000000	219.0000000000000000	616.0000000000000000	4050.0000000000000000	114.0000000000000000	209.0000000000000000
RG3_JPN225_PERIOD_M5_1785715200_1786060800_16673594142441126755	9	1785996600	69	65576.0000000000000000	65615.0000000000000000	65543.0000000000000000	65571.0000000000000000	1	102.4603758414663588	65732.0000000000000000	161.0000000000000000	772.0000000000000000	219.0000000000000000	611.0000000000000000	4055.0000000000000000	5.0000000000000000	-109.0000000000000000
RG3_JPN225_PERIOD_M5_1785715200_1786060800_16673594142441126755	9	1785996900	70	65570.0000000000000000	65586.0000000000000000	65493.0000000000000000	65496.0000000000000000	1	102.4603758414663588	65732.0000000000000000	236.0000000000000000	772.0000000000000000	219.0000000000000000	536.0000000000000000	4130.0000000000000000	75.0000000000000000	70.0000000000000000
RG3_JPN225_PERIOD_M5_1785715200_1786060800_16673594142441126755	9	1785997200	71	65495.0000000000000000	65560.0000000000000000	65479.0000000000000000	65535.0000000000000000	1	102.4603758414663588	65732.0000000000000000	197.0000000000000000	772.0000000000000000	219.0000000000000000	575.0000000000000000	4169.0000000000000000	-39.0000000000000000	-114.0000000000000000
RG3_JPN225_PERIOD_M5_1785715200_1786060800_16673594142441126755	9	1785997500	72	65533.0000000000000000	65539.0000000000000000	65467.0000000000000000	65487.0000000000000000	1	102.4603758414663588	65732.0000000000000000	245.0000000000000000	772.0000000000000000	219.0000000000000000	527.0000000000000000	4217.0000000000000000	48.0000000000000000	87.0000000000000000
RG3_JPN225_PERIOD_M5_1785715200_1786060800_16673594142441126755	9	1785997800	73	65487.0000000000000000	65528.0000000000000000	65363.0000000000000000	65428.0000000000000000	1	102.4603758414663588	65732.0000000000000000	304.0000000000000000	772.0000000000000000	219.0000000000000000	468.0000000000000000	4276.0000000000000000	59.0000000000000000	11.0000000000000000
RG3_JPN225_PERIOD_M5_1785715200_1786060800_16673594142441126755	9	1785998100	74	65425.0000000000000000	65595.0000000000000000	65403.0000000000000000	65578.0000000000000000	1	102.4603758414663588	65732.0000000000000000	154.0000000000000000	772.0000000000000000	219.0000000000000000	618.0000000000000000	4426.0000000000000000	-150.0000000000000000	-209.0000000000000000
RG3_JPN225_PERIOD_M5_1785715200_1786060800_16673594142441126755	9	1785998400	75	65579.0000000000000000	65601.0000000000000000	65478.0000000000000000	65586.0000000000000000	1	102.4603758414663588	65732.0000000000000000	146.0000000000000000	772.0000000000000000	219.0000000000000000	626.0000000000000000	4434.0000000000000000	-8.0000000000000000	142.0000000000000000
RG3_JPN225_PERIOD_M5_1785715200_1786060800_16673594142441126755	9	1785998700	76	65590.0000000000000000	65625.0000000000000000	65544.0000000000000000	65610.0000000000000000	1	102.4603758414663588	65732.0000000000000000	122.0000000000000000	772.0000000000000000	219.0000000000000000	650.0000000000000000	4458.0000000000000000	-24.0000000000000000	-16.0000000000000000
RG3_JPN225_PERIOD_M5_1785715200_1786060800_16673594142441126755	9	1785999000	77	65610.0000000000000000	65620.0000000000000000	65453.0000000000000000	65485.0000000000000000	1	102.4603758414663588	65732.0000000000000000	247.0000000000000000	772.0000000000000000	219.0000000000000000	525.0000000000000000	4583.0000000000000000	125.0000000000000000	149.0000000000000000
RG3_JPN225_PERIOD_M5_1785715200_1786060800_16673594142441126755	9	1785999300	78	65485.0000000000000000	65576.0000000000000000	65473.0000000000000000	65570.0000000000000000	1	102.4603758414663588	65732.0000000000000000	162.0000000000000000	772.0000000000000000	219.0000000000000000	610.0000000000000000	4668.0000000000000000	-85.0000000000000000	-210.0000000000000000
RG3_JPN225_PERIOD_M5_1785715200_1786060800_16673594142441126755	9	1785999600	79	65568.0000000000000000	65578.0000000000000000	65433.0000000000000000	65490.0000000000000000	1	102.4603758414663588	65732.0000000000000000	242.0000000000000000	772.0000000000000000	219.0000000000000000	530.0000000000000000	4748.0000000000000000	80.0000000000000000	165.0000000000000000
RG3_JPN225_PERIOD_M5_1785715200_1786060800_16673594142441126755	9	1785999900	80	65490.0000000000000000	65585.0000000000000000	65463.0000000000000000	65533.0000000000000000	1	102.4603758414663588	65732.0000000000000000	199.0000000000000000	772.0000000000000000	219.0000000000000000	573.0000000000000000	4791.0000000000000000	-43.0000000000000000	-123.0000000000000000
RG3_JPN225_PERIOD_M5_1785715200_1786060800_16673594142441126755	9	1786000200	81	65534.0000000000000000	65619.0000000000000000	65523.0000000000000000	65559.0000000000000000	1	102.4603758414663588	65732.0000000000000000	173.0000000000000000	772.0000000000000000	219.0000000000000000	599.0000000000000000	4817.0000000000000000	-26.0000000000000000	17.0000000000000000
RG3_JPN225_PERIOD_M5_1785715200_1786060800_16673594142441126755	9	1786000500	82	65560.0000000000000000	65620.0000000000000000	65509.0000000000000000	65560.0000000000000000	1	102.4603758414663588	65732.0000000000000000	172.0000000000000000	772.0000000000000000	219.0000000000000000	600.0000000000000000	4818.0000000000000000	-1.0000000000000000	25.0000000000000000
RG3_JPN225_PERIOD_M5_1785715200_1786060800_16673594142441126755	9	1786000800	83	65560.0000000000000000	65644.0000000000000000	65553.0000000000000000	65634.0000000000000000	1	102.4603758414663588	65732.0000000000000000	98.0000000000000000	772.0000000000000000	219.0000000000000000	674.0000000000000000	4892.0000000000000000	-74.0000000000000000	-73.0000000000000000
RG3_JPN225_PERIOD_M5_1785715200_1786060800_16673594142441126755	9	1786001100	84	65635.0000000000000000	65655.0000000000000000	65588.0000000000000000	65630.0000000000000000	1	102.4603758414663588	65732.0000000000000000	102.0000000000000000	772.0000000000000000	219.0000000000000000	670.0000000000000000	4896.0000000000000000	4.0000000000000000	78.0000000000000000
RG3_JPN225_PERIOD_M5_1785715200_1786060800_16673594142441126755	9	1786001400	85	65630.0000000000000000	65685.0000000000000000	65548.0000000000000000	65579.0000000000000000	1	102.4603758414663588	65732.0000000000000000	153.0000000000000000	772.0000000000000000	219.0000000000000000	619.0000000000000000	4947.0000000000000000	51.0000000000000000	47.0000000000000000
RG3_JPN225_PERIOD_M5_1785715200_1786060800_16673594142441126755	9	1786001700	86	65579.0000000000000000	65615.0000000000000000	65508.0000000000000000	65524.0000000000000000	1	102.4603758414663588	65732.0000000000000000	208.0000000000000000	772.0000000000000000	219.0000000000000000	564.0000000000000000	5002.0000000000000000	55.0000000000000000	4.0000000000000000
RG3_JPN225_PERIOD_M5_1785715200_1786060800_16673594142441126755	9	1786002000	87	65524.0000000000000000	65579.0000000000000000	65523.0000000000000000	65543.0000000000000000	1	102.4603758414663588	65732.0000000000000000	189.0000000000000000	772.0000000000000000	219.0000000000000000	583.0000000000000000	5021.0000000000000000	-19.0000000000000000	-74.0000000000000000
RG3_JPN225_PERIOD_M5_1785715200_1786060800_16673594142441126755	9	1786002300	88	65545.0000000000000000	65574.0000000000000000	65504.0000000000000000	65551.0000000000000000	1	102.4603758414663588	65732.0000000000000000	181.0000000000000000	772.0000000000000000	219.0000000000000000	591.0000000000000000	5029.0000000000000000	-8.0000000000000000	11.0000000000000000
RG3_JPN225_PERIOD_M5_1785715200_1786060800_16673594142441126755	9	1786002600	89	65550.0000000000000000	65645.0000000000000000	65538.0000000000000000	65639.0000000000000000	1	102.4603758414663588	65732.0000000000000000	93.0000000000000000	772.0000000000000000	219.0000000000000000	679.0000000000000000	5117.0000000000000000	-88.0000000000000000	-80.0000000000000000
RG3_JPN225_PERIOD_M5_1785715200_1786060800_16673594142441126755	9	1786002900	90	65639.0000000000000000	65649.0000000000000000	65593.0000000000000000	65635.0000000000000000	1	102.4603758414663588	65732.0000000000000000	97.0000000000000000	772.0000000000000000	219.0000000000000000	675.0000000000000000	5121.0000000000000000	4.0000000000000000	92.0000000000000000
RG3_JPN225_PERIOD_M5_1785715200_1786060800_16673594142441126755	9	1786003200	91	65635.0000000000000000	65825.0000000000000000	65634.0000000000000000	65776.0000000000000000	1	102.4603758414663588	65732.0000000000000000	-44.0000000000000000	772.0000000000000000	219.0000000000000000	816.0000000000000000	5262.0000000000000000	-141.0000000000000000	-145.0000000000000000
RG3_JPN225_PERIOD_M5_1785715200_1786060800_16673594142441126755	9	1786003500	92	65775.0000000000000000	65851.0000000000000000	65768.0000000000000000	65780.0000000000000000	1	102.4603758414663588	65732.0000000000000000	-48.0000000000000000	772.0000000000000000	219.0000000000000000	820.0000000000000000	5266.0000000000000000	-4.0000000000000000	137.0000000000000000
RG3_JPN225_PERIOD_M5_1785715200_1786060800_16673594142441126755	9	1786003800	93	65780.0000000000000000	65785.0000000000000000	65673.0000000000000000	65728.0000000000000000	1	102.4603758414663588	65732.0000000000000000	4.0000000000000000	772.0000000000000000	219.0000000000000000	768.0000000000000000	5318.0000000000000000	52.0000000000000000	56.0000000000000000
RG3_JPN225_PERIOD_M5_1785715200_1786060800_16673594142441126755	9	1786004100	94	65728.0000000000000000	65816.0000000000000000	65723.0000000000000000	65779.0000000000000000	1	102.4603758414663588	65732.0000000000000000	-47.0000000000000000	772.0000000000000000	219.0000000000000000	819.0000000000000000	5369.0000000000000000	-51.0000000000000000	-103.0000000000000000
RG3_JPN225_PERIOD_M5_1785715200_1786060800_16673594142441126755	9	1786004400	95	65779.0000000000000000	65795.0000000000000000	65722.0000000000000000	65765.0000000000000000	1	102.4603758414663588	65732.0000000000000000	-33.0000000000000000	772.0000000000000000	219.0000000000000000	805.0000000000000000	5383.0000000000000000	14.0000000000000000	65.0000000000000000
RG3_JPN225_PERIOD_M5_1785715200_1786060800_16673594142441126755	9	1786004700	96	65765.0000000000000000	65775.0000000000000000	65712.0000000000000000	65729.0000000000000000	1	102.4603758414663588	65732.0000000000000000	3.0000000000000000	772.0000000000000000	219.0000000000000000	769.0000000000000000	5419.0000000000000000	36.0000000000000000	22.0000000000000000
RG3_JPN225_PERIOD_M5_1785715200_1786060800_16673594142441126755	9	1786005000	97	65731.0000000000000000	65757.0000000000000000	65672.0000000000000000	65691.0000000000000000	1	102.4603758414663588	65732.0000000000000000	41.0000000000000000	772.0000000000000000	219.0000000000000000	731.0000000000000000	5457.0000000000000000	38.0000000000000000	2.0000000000000000
RG3_JPN225_PERIOD_M5_1785715200_1786060800_16673594142441126755	9	1786005300	98	65688.0000000000000000	65703.0000000000000000	65617.0000000000000000	65643.0000000000000000	1	102.4603758414663588	65732.0000000000000000	89.0000000000000000	772.0000000000000000	219.0000000000000000	683.0000000000000000	5505.0000000000000000	48.0000000000000000	10.0000000000000000
RG3_JPN225_PERIOD_M5_1785715200_1786060800_16673594142441126755	9	1786005600	99	65641.0000000000000000	65760.0000000000000000	65617.0000000000000000	65744.0000000000000000	1	102.4603758414663588	65732.0000000000000000	-12.0000000000000000	772.0000000000000000	219.0000000000000000	784.0000000000000000	5606.0000000000000000	-101.0000000000000000	-149.0000000000000000
RG3_JPN225_PERIOD_M5_1785715200_1786060800_16673594142441126755	9	1786005900	100	65749.0000000000000000	65750.0000000000000000	65594.0000000000000000	65608.0000000000000000	1	102.4603758414663588	65732.0000000000000000	124.0000000000000000	772.0000000000000000	219.0000000000000000	648.0000000000000000	5742.0000000000000000	136.0000000000000000	237.0000000000000000
RG3_JPN225_PERIOD_M5_1785715200_1786060800_16673594142441126755	9	1786006200	101	65610.0000000000000000	65695.0000000000000000	65593.0000000000000000	65658.0000000000000000	1	102.4603758414663588	65732.0000000000000000	74.0000000000000000	772.0000000000000000	219.0000000000000000	698.0000000000000000	5792.0000000000000000	-50.0000000000000000	-186.0000000000000000
RG3_JPN225_PERIOD_M5_1785715200_1786060800_16673594142441126755	9	1786006500	102	65664.0000000000000000	65715.0000000000000000	65643.0000000000000000	65710.0000000000000000	1	102.4603758414663588	65732.0000000000000000	22.0000000000000000	772.0000000000000000	219.0000000000000000	750.0000000000000000	5844.0000000000000000	-52.0000000000000000	-2.0000000000000000
RG3_JPN225_PERIOD_M5_1785715200_1786060800_16673594142441126755	9	1786006800	103	65710.0000000000000000	65710.0000000000000000	65623.0000000000000000	65660.0000000000000000	1	102.4603758414663588	65732.0000000000000000	72.0000000000000000	772.0000000000000000	219.0000000000000000	700.0000000000000000	5894.0000000000000000	50.0000000000000000	102.0000000000000000
RG3_JPN225_PERIOD_M5_1785715200_1786060800_16673594142441126755	9	1786007100	104	65660.0000000000000000	65701.0000000000000000	65649.0000000000000000	65666.0000000000000000	1	102.4603758414663588	65732.0000000000000000	66.0000000000000000	772.0000000000000000	219.0000000000000000	706.0000000000000000	5900.0000000000000000	-6.0000000000000000	-56.0000000000000000
RG3_JPN225_PERIOD_M5_1785715200_1786060800_16673594142441126755	9	1786007400	105	65666.0000000000000000	65716.0000000000000000	65612.0000000000000000	65639.0000000000000000	1	102.4603758414663588	65732.0000000000000000	93.0000000000000000	772.0000000000000000	219.0000000000000000	679.0000000000000000	5927.0000000000000000	27.0000000000000000	33.0000000000000000
RG3_JPN225_PERIOD_M5_1785715200_1786060800_16673594142441126755	9	1786007700	106	65639.0000000000000000	65680.0000000000000000	65553.0000000000000000	65579.0000000000000000	1	102.4603758414663588	65732.0000000000000000	153.0000000000000000	772.0000000000000000	219.0000000000000000	619.0000000000000000	5987.0000000000000000	60.0000000000000000	33.0000000000000000
RG3_JPN225_PERIOD_M5_1785715200_1786060800_16673594142441126755	9	1786008000	107	65579.0000000000000000	65636.0000000000000000	65567.0000000000000000	65613.0000000000000000	1	102.4603758414663588	65732.0000000000000000	119.0000000000000000	772.0000000000000000	219.0000000000000000	653.0000000000000000	6021.0000000000000000	-34.0000000000000000	-94.0000000000000000
RG3_JPN225_PERIOD_M5_1785715200_1786060800_16673594142441126755	9	1786008300	108	65620.0000000000000000	65740.0000000000000000	65608.0000000000000000	65719.0000000000000000	1	102.4603758414663588	65732.0000000000000000	13.0000000000000000	772.0000000000000000	219.0000000000000000	759.0000000000000000	6127.0000000000000000	-106.0000000000000000	-72.0000000000000000
RG3_JPN225_PERIOD_M5_1785715200_1786060800_16673594142441126755	9	1786008600	109	65692.0000000000000000	65726.0000000000000000	65538.0000000000000000	65599.0000000000000000	1	102.4603758414663588	65732.0000000000000000	133.0000000000000000	772.0000000000000000	219.0000000000000000	639.0000000000000000	6247.0000000000000000	120.0000000000000000	226.0000000000000000
RG3_JPN225_PERIOD_M5_1785715200_1786060800_16673594142441126755	9	1786008900	110	65600.0000000000000000	65616.0000000000000000	65522.0000000000000000	65531.0000000000000000	1	102.4603758414663588	65732.0000000000000000	201.0000000000000000	772.0000000000000000	219.0000000000000000	571.0000000000000000	6315.0000000000000000	68.0000000000000000	-52.0000000000000000
RG3_JPN225_PERIOD_M5_1785715200_1786060800_16673594142441126755	9	1786009200	111	65530.0000000000000000	65560.0000000000000000	65488.0000000000000000	65528.0000000000000000	1	102.4603758414663588	65732.0000000000000000	204.0000000000000000	772.0000000000000000	219.0000000000000000	568.0000000000000000	6318.0000000000000000	3.0000000000000000	-65.0000000000000000
RG3_JPN225_PERIOD_M5_1785715200_1786060800_16673594142441126755	9	1786009500	112	65535.0000000000000000	65575.0000000000000000	65414.0000000000000000	65469.0000000000000000	1	102.4603758414663588	65732.0000000000000000	263.0000000000000000	772.0000000000000000	219.0000000000000000	509.0000000000000000	6377.0000000000000000	59.0000000000000000	56.0000000000000000
RG3_JPN225_PERIOD_M5_1785715200_1786060800_16673594142441126755	9	1786009800	113	65469.0000000000000000	65500.0000000000000000	65448.0000000000000000	65477.0000000000000000	1	102.4603758414663588	65732.0000000000000000	255.0000000000000000	772.0000000000000000	219.0000000000000000	517.0000000000000000	6385.0000000000000000	-8.0000000000000000	-67.0000000000000000
RG3_JPN225_PERIOD_M5_1785715200_1786060800_16673594142441126755	9	1786010100	114	65477.0000000000000000	65505.0000000000000000	65463.0000000000000000	65484.0000000000000000	1	102.4603758414663588	65732.0000000000000000	248.0000000000000000	772.0000000000000000	219.0000000000000000	524.0000000000000000	6392.0000000000000000	-7.0000000000000000	1.0000000000000000
RG3_JPN225_PERIOD_M5_1785715200_1786060800_16673594142441126755	9	1786010400	115	65485.0000000000000000	65549.0000000000000000	65447.0000000000000000	65535.0000000000000000	1	102.4603758414663588	65732.0000000000000000	197.0000000000000000	772.0000000000000000	219.0000000000000000	575.0000000000000000	6443.0000000000000000	-51.0000000000000000	-44.0000000000000000
RG3_JPN225_PERIOD_M5_1785715200_1786060800_16673594142441126755	9	1786010700	116	65530.0000000000000000	65610.0000000000000000	65507.0000000000000000	65585.0000000000000000	1	102.4603758414663588	65732.0000000000000000	147.0000000000000000	772.0000000000000000	219.0000000000000000	625.0000000000000000	6493.0000000000000000	-50.0000000000000000	1.0000000000000000
RG3_JPN225_PERIOD_M5_1785715200_1786060800_16673594142441126755	9	1786011000	117	65589.0000000000000000	65685.0000000000000000	65587.0000000000000000	65669.0000000000000000	1	102.4603758414663588	65732.0000000000000000	63.0000000000000000	772.0000000000000000	219.0000000000000000	709.0000000000000000	6577.0000000000000000	-84.0000000000000000	-34.0000000000000000
RG3_JPN225_PERIOD_M5_1785715200_1786060800_16673594142441126755	9	1786011300	118	65667.0000000000000000	65680.0000000000000000	65641.0000000000000000	65670.0000000000000000	1	102.4603758414663588	65732.0000000000000000	62.0000000000000000	772.0000000000000000	219.0000000000000000	710.0000000000000000	6578.0000000000000000	-1.0000000000000000	83.0000000000000000
RG3_JPN225_PERIOD_M5_1785715200_1786060800_16673594142441126755	9	1786011600	119	65662.0000000000000000	65684.0000000000000000	65632.0000000000000000	65660.0000000000000000	1	102.4603758414663588	65732.0000000000000000	72.0000000000000000	772.0000000000000000	219.0000000000000000	700.0000000000000000	6588.0000000000000000	10.0000000000000000	11.0000000000000000
RG3_JPN225_PERIOD_M5_1785715200_1786060800_16673594142441126755	9	1786011900	120	65652.0000000000000000	65685.0000000000000000	65629.0000000000000000	65634.0000000000000000	1	102.4603758414663588	65732.0000000000000000	98.0000000000000000	772.0000000000000000	219.0000000000000000	674.0000000000000000	6614.0000000000000000	26.0000000000000000	16.0000000000000000
RG3_JPN225_PERIOD_M5_1785715200_1786060800_16673594142441126755	9	1786012200	121	65636.0000000000000000	65650.0000000000000000	65602.0000000000000000	65602.0000000000000000	1	102.4603758414663588	65732.0000000000000000	130.0000000000000000	772.0000000000000000	219.0000000000000000	642.0000000000000000	6646.0000000000000000	32.0000000000000000	6.0000000000000000
RG3_JPN225_PERIOD_M5_1785715200_1786060800_16673594142441126755	9	1786012500	122	65605.0000000000000000	65610.0000000000000000	65507.0000000000000000	65530.0000000000000000	1	102.4603758414663588	65732.0000000000000000	202.0000000000000000	772.0000000000000000	219.0000000000000000	570.0000000000000000	6718.0000000000000000	72.0000000000000000	40.0000000000000000
RG3_JPN225_PERIOD_M5_1785715200_1786060800_16673594142441126755	9	1786012800	123	65530.0000000000000000	65550.0000000000000000	65519.0000000000000000	65539.0000000000000000	1	102.4603758414663588	65732.0000000000000000	193.0000000000000000	772.0000000000000000	219.0000000000000000	579.0000000000000000	6727.0000000000000000	-9.0000000000000000	-81.0000000000000000
RG3_JPN225_PERIOD_M5_1785715200_1786060800_16673594142441126755	9	1786013100	124	65539.0000000000000000	65550.0000000000000000	65507.0000000000000000	65541.0000000000000000	1	102.4603758414663588	65732.0000000000000000	191.0000000000000000	772.0000000000000000	219.0000000000000000	581.0000000000000000	6729.0000000000000000	-2.0000000000000000	7.0000000000000000
RG3_JPN225_PERIOD_M5_1785715200_1786060800_16673594142441126755	9	1786013400	125	65549.0000000000000000	65549.0000000000000000	65487.0000000000000000	65507.0000000000000000	1	102.4603758414663588	65732.0000000000000000	225.0000000000000000	772.0000000000000000	219.0000000000000000	547.0000000000000000	6763.0000000000000000	34.0000000000000000	36.0000000000000000
RG3_JPN225_PERIOD_M5_1785715200_1786060800_16673594142441126755	9	1786013700	126	65507.0000000000000000	65525.0000000000000000	65497.0000000000000000	65509.0000000000000000	1	102.4603758414663588	65732.0000000000000000	223.0000000000000000	772.0000000000000000	219.0000000000000000	549.0000000000000000	6765.0000000000000000	-2.0000000000000000	-36.0000000000000000
RG3_JPN225_PERIOD_M5_1785715200_1786060800_16673594142441126755	9	1786014000	127	65505.0000000000000000	65642.0000000000000000	65467.0000000000000000	65504.0000000000000000	1	102.4603758414663588	65732.0000000000000000	228.0000000000000000	772.0000000000000000	219.0000000000000000	544.0000000000000000	6770.0000000000000000	5.0000000000000000	7.0000000000000000
RG3_JPN225_PERIOD_M5_1785715200_1786060800_16673594142441126755	9	1786014300	128	65504.0000000000000000	65610.0000000000000000	65484.0000000000000000	65486.0000000000000000	1	102.4603758414663588	65732.0000000000000000	246.0000000000000000	772.0000000000000000	219.0000000000000000	526.0000000000000000	6788.0000000000000000	18.0000000000000000	13.0000000000000000
RG3_JPN225_PERIOD_M5_1785715200_1786060800_16673594142441126755	9	1786014600	129	65485.0000000000000000	65491.0000000000000000	65384.0000000000000000	65449.0000000000000000	1	102.4603758414663588	65732.0000000000000000	283.0000000000000000	772.0000000000000000	219.0000000000000000	489.0000000000000000	6825.0000000000000000	37.0000000000000000	19.0000000000000000
RG3_JPN225_PERIOD_M5_1785715200_1786060800_16673594142441126755	9	1786014900	130	65449.0000000000000000	65556.0000000000000000	65425.0000000000000000	65484.0000000000000000	1	102.4603758414663588	65732.0000000000000000	248.0000000000000000	772.0000000000000000	219.0000000000000000	524.0000000000000000	6860.0000000000000000	-35.0000000000000000	-72.0000000000000000
RG3_JPN225_PERIOD_M5_1785715200_1786060800_16673594142441126755	9	1786015200	131	65484.0000000000000000	65519.0000000000000000	65457.0000000000000000	65514.0000000000000000	1	102.4603758414663588	65732.0000000000000000	218.0000000000000000	772.0000000000000000	219.0000000000000000	554.0000000000000000	6890.0000000000000000	-30.0000000000000000	5.0000000000000000
RG3_JPN225_PERIOD_M5_1785715200_1786060800_16673594142441126755	9	1786015500	132	65519.0000000000000000	65630.0000000000000000	65514.0000000000000000	65629.0000000000000000	1	102.4603758414663588	65732.0000000000000000	103.0000000000000000	772.0000000000000000	219.0000000000000000	669.0000000000000000	7005.0000000000000000	-115.0000000000000000	-85.0000000000000000
RG3_JPN225_PERIOD_M5_1785715200_1786060800_16673594142441126755	9	1786015800	133	65629.0000000000000000	65658.0000000000000000	65604.0000000000000000	65635.0000000000000000	1	102.4603758414663588	65732.0000000000000000	97.0000000000000000	772.0000000000000000	219.0000000000000000	675.0000000000000000	7011.0000000000000000	-6.0000000000000000	109.0000000000000000
RG3_JPN225_PERIOD_M5_1785715200_1786060800_16673594142441126755	9	1786016100	134	65635.0000000000000000	65645.0000000000000000	65553.0000000000000000	65582.0000000000000000	1	102.4603758414663588	65732.0000000000000000	150.0000000000000000	772.0000000000000000	219.0000000000000000	622.0000000000000000	7064.0000000000000000	53.0000000000000000	59.0000000000000000
RG3_JPN225_PERIOD_M5_1785715200_1786060800_16673594142441126755	9	1786016400	135	65583.0000000000000000	65608.0000000000000000	65531.0000000000000000	65537.0000000000000000	1	102.4603758414663588	65732.0000000000000000	195.0000000000000000	772.0000000000000000	219.0000000000000000	577.0000000000000000	7109.0000000000000000	45.0000000000000000	-8.0000000000000000
RG3_JPN225_PERIOD_M5_1785715200_1786060800_16673594142441126755	9	1786016700	136	65537.0000000000000000	65563.0000000000000000	65493.0000000000000000	65558.0000000000000000	1	102.4603758414663588	65732.0000000000000000	174.0000000000000000	772.0000000000000000	219.0000000000000000	598.0000000000000000	7130.0000000000000000	-21.0000000000000000	-66.0000000000000000
RG3_JPN225_PERIOD_M5_1785715200_1786060800_16673594142441126755	9	1786017000	137	65558.0000000000000000	65663.0000000000000000	65558.0000000000000000	65658.0000000000000000	1	102.4603758414663588	65732.0000000000000000	74.0000000000000000	772.0000000000000000	219.0000000000000000	698.0000000000000000	7230.0000000000000000	-100.0000000000000000	-79.0000000000000000
RG3_JPN225_PERIOD_M5_1785715200_1786060800_16673594142441126755	9	1786017300	138	65658.0000000000000000	65668.0000000000000000	65637.0000000000000000	65652.0000000000000000	1	102.4603758414663588	65732.0000000000000000	80.0000000000000000	772.0000000000000000	219.0000000000000000	692.0000000000000000	7236.0000000000000000	6.0000000000000000	106.0000000000000000
RG3_JPN225_PERIOD_M5_1785715200_1786060800_16673594142441126755	9	1786017600	139	65653.0000000000000000	65658.0000000000000000	65525.0000000000000000	65543.0000000000000000	1	102.4603758414663588	65732.0000000000000000	189.0000000000000000	772.0000000000000000	219.0000000000000000	583.0000000000000000	7345.0000000000000000	109.0000000000000000	103.0000000000000000
RG3_JPN225_PERIOD_M5_1785715200_1786060800_16673594142441126755	9	1786017900	140	65543.0000000000000000	65553.0000000000000000	65479.0000000000000000	65487.0000000000000000	1	102.4603758414663588	65732.0000000000000000	245.0000000000000000	772.0000000000000000	219.0000000000000000	527.0000000000000000	7401.0000000000000000	56.0000000000000000	-53.0000000000000000
RG3_JPN225_PERIOD_M5_1785715200_1786060800_16673594142441126755	9	1786018200	141	65488.0000000000000000	65493.0000000000000000	65433.0000000000000000	65467.0000000000000000	1	102.4603758414663588	65732.0000000000000000	265.0000000000000000	772.0000000000000000	219.0000000000000000	507.0000000000000000	7421.0000000000000000	20.0000000000000000	-36.0000000000000000
RG3_JPN225_PERIOD_M5_1785715200_1786060800_16673594142441126755	9	1786018500	142	65467.0000000000000000	65523.0000000000000000	65463.0000000000000000	65512.0000000000000000	1	102.4603758414663588	65732.0000000000000000	220.0000000000000000	772.0000000000000000	219.0000000000000000	552.0000000000000000	7466.0000000000000000	-45.0000000000000000	-65.0000000000000000
RG3_JPN225_PERIOD_M5_1785715200_1786060800_16673594142441126755	9	1786018800	143	65517.0000000000000000	65543.0000000000000000	65512.0000000000000000	65513.0000000000000000	1	102.4603758414663588	65732.0000000000000000	219.0000000000000000	772.0000000000000000	219.0000000000000000	553.0000000000000000	7467.0000000000000000	-1.0000000000000000	44.0000000000000000
RG3_JPN225_PERIOD_M5_1785715200_1786060800_16673594142441126755	9	1786019100	144	65513.0000000000000000	65563.0000000000000000	65502.0000000000000000	65548.0000000000000000	1	102.4603758414663588	65732.0000000000000000	184.0000000000000000	772.0000000000000000	219.0000000000000000	588.0000000000000000	7502.0000000000000000	-35.0000000000000000	-34.0000000000000000
RG3_JPN225_PERIOD_M5_1785715200_1786060800_16673594142441126755	9	1786019400	145	65548.0000000000000000	65568.0000000000000000	65520.0000000000000000	65537.0000000000000000	1	102.4603758414663588	65732.0000000000000000	195.0000000000000000	772.0000000000000000	219.0000000000000000	577.0000000000000000	7513.0000000000000000	11.0000000000000000	46.0000000000000000
RG3_JPN225_PERIOD_M5_1785715200_1786060800_16673594142441126755	9	1786019700	146	65537.0000000000000000	65563.0000000000000000	65521.0000000000000000	65553.0000000000000000	1	102.4603758414663588	65732.0000000000000000	179.0000000000000000	772.0000000000000000	219.0000000000000000	593.0000000000000000	7529.0000000000000000	-16.0000000000000000	-27.0000000000000000
RG3_JPN225_PERIOD_M5_1785715200_1786060800_16673594142441126755	9	1786020000	147	65558.0000000000000000	65578.0000000000000000	65542.0000000000000000	65543.0000000000000000	1	102.4603758414663588	65732.0000000000000000	189.0000000000000000	772.0000000000000000	219.0000000000000000	583.0000000000000000	7539.0000000000000000	10.0000000000000000	26.0000000000000000
RG3_JPN225_PERIOD_M5_1785715200_1786060800_16673594142441126755	9	1786020300	148	65543.0000000000000000	65583.0000000000000000	65527.0000000000000000	65578.0000000000000000	1	102.4603758414663588	65732.0000000000000000	154.0000000000000000	772.0000000000000000	219.0000000000000000	618.0000000000000000	7574.0000000000000000	-35.0000000000000000	-45.0000000000000000
RG3_JPN225_PERIOD_M5_1785715200_1786060800_16673594142441126755	9	1786020600	149	65577.0000000000000000	65603.0000000000000000	65542.0000000000000000	65597.0000000000000000	1	102.4603758414663588	65732.0000000000000000	135.0000000000000000	772.0000000000000000	219.0000000000000000	637.0000000000000000	7593.0000000000000000	-19.0000000000000000	16.0000000000000000
RG3_JPN225_PERIOD_M5_1785715200_1786060800_16673594142441126755	9	1786020900	150	65597.0000000000000000	65658.0000000000000000	65597.0000000000000000	65658.0000000000000000	2	102.4603758414663588	65732.0000000000000000	74.0000000000000000	772.0000000000000000	219.0000000000000000	698.0000000000000000	7654.0000000000000000	-61.0000000000000000	-42.0000000000000000
RG3_JPN225_PERIOD_M5_1785715200_1786060800_16673594142441126755	10	1786026600	0	65418.0000000000000000	65487.0000000000000000	65417.0000000000000000	65437.0000000000000000	1	100.0355455601119559	65437.0000000000000000	0.0000000000000000	0.0000000000000000	0.0000000000000000	0.0000000000000000	0.0000000000000000	0.0000000000000000	0.0000000000000000
RG3_JPN225_PERIOD_M5_1785715200_1786060800_16673594142441126755	10	1786026900	1	65437.0000000000000000	65478.0000000000000000	65422.0000000000000000	65472.0000000000000000	1	100.0355455601119559	65437.0000000000000000	-35.0000000000000000	0.0000000000000000	35.0000000000000000	35.0000000000000000	35.0000000000000000	-35.0000000000000000	-35.0000000000000000
RG3_JPN225_PERIOD_M5_1785715200_1786060800_16673594142441126755	10	1786027200	2	65472.0000000000000000	65497.0000000000000000	65423.0000000000000000	65427.0000000000000000	1	100.0355455601119559	65437.0000000000000000	10.0000000000000000	10.0000000000000000	35.0000000000000000	0.0000000000000000	80.0000000000000000	45.0000000000000000	80.0000000000000000
RG3_JPN225_PERIOD_M5_1785715200_1786060800_16673594142441126755	10	1786027500	3	65427.0000000000000000	65482.0000000000000000	65340.0000000000000000	65368.0000000000000000	1	100.0355455601119559	65437.0000000000000000	69.0000000000000000	69.0000000000000000	35.0000000000000000	0.0000000000000000	139.0000000000000000	59.0000000000000000	14.0000000000000000
RG3_JPN225_PERIOD_M5_1785715200_1786060800_16673594142441126755	10	1786027800	4	65368.0000000000000000	65373.0000000000000000	65282.0000000000000000	65318.0000000000000000	1	100.0355455601119559	65437.0000000000000000	119.0000000000000000	119.0000000000000000	35.0000000000000000	0.0000000000000000	189.0000000000000000	50.0000000000000000	-9.0000000000000000
RG3_JPN225_PERIOD_M5_1785715200_1786060800_16673594142441126755	10	1786028100	5	65318.0000000000000000	65398.0000000000000000	65310.0000000000000000	65383.0000000000000000	1	100.0355455601119559	65437.0000000000000000	54.0000000000000000	119.0000000000000000	35.0000000000000000	65.0000000000000000	254.0000000000000000	-65.0000000000000000	-115.0000000000000000
RG3_JPN225_PERIOD_M5_1785715200_1786060800_16673594142441126755	10	1786028400	6	65383.0000000000000000	65413.0000000000000000	65305.0000000000000000	65318.0000000000000000	1	100.0355455601119559	65437.0000000000000000	119.0000000000000000	119.0000000000000000	35.0000000000000000	0.0000000000000000	319.0000000000000000	65.0000000000000000	130.0000000000000000
RG3_JPN225_PERIOD_M5_1785715200_1786060800_16673594142441126755	10	1786028700	7	65317.0000000000000000	65327.0000000000000000	65253.0000000000000000	65273.0000000000000000	1	100.0355455601119559	65437.0000000000000000	164.0000000000000000	164.0000000000000000	35.0000000000000000	0.0000000000000000	364.0000000000000000	45.0000000000000000	-20.0000000000000000
RG3_JPN225_PERIOD_M5_1785715200_1786060800_16673594142441126755	10	1786029000	8	65273.0000000000000000	65288.0000000000000000	65255.0000000000000000	65262.0000000000000000	1	100.0355455601119559	65437.0000000000000000	175.0000000000000000	175.0000000000000000	35.0000000000000000	0.0000000000000000	375.0000000000000000	11.0000000000000000	-34.0000000000000000
RG3_JPN225_PERIOD_M5_1785715200_1786060800_16673594142441126755	10	1786029300	9	65262.0000000000000000	65283.0000000000000000	65192.0000000000000000	65222.0000000000000000	1	100.0355455601119559	65437.0000000000000000	215.0000000000000000	215.0000000000000000	35.0000000000000000	0.0000000000000000	415.0000000000000000	40.0000000000000000	29.0000000000000000
RG3_JPN225_PERIOD_M5_1785715200_1786060800_16673594142441126755	10	1786029600	10	65217.0000000000000000	65333.0000000000000000	65207.0000000000000000	65283.0000000000000000	1	100.0355455601119559	65437.0000000000000000	154.0000000000000000	215.0000000000000000	35.0000000000000000	61.0000000000000000	476.0000000000000000	-61.0000000000000000	-101.0000000000000000
RG3_JPN225_PERIOD_M5_1785715200_1786060800_16673594142441126755	10	1786029900	11	65283.0000000000000000	65333.0000000000000000	65277.0000000000000000	65293.0000000000000000	1	100.0355455601119559	65437.0000000000000000	144.0000000000000000	215.0000000000000000	35.0000000000000000	71.0000000000000000	486.0000000000000000	-10.0000000000000000	51.0000000000000000
RG3_JPN225_PERIOD_M5_1785715200_1786060800_16673594142441126755	10	1786030200	12	65289.0000000000000000	65338.0000000000000000	65224.0000000000000000	65303.0000000000000000	1	100.0355455601119559	65437.0000000000000000	134.0000000000000000	215.0000000000000000	35.0000000000000000	81.0000000000000000	496.0000000000000000	-10.0000000000000000	0.0000000000000000
RG3_JPN225_PERIOD_M5_1785715200_1786060800_16673594142441126755	10	1786030500	13	65303.0000000000000000	65363.0000000000000000	65297.0000000000000000	65348.0000000000000000	1	100.0355455601119559	65437.0000000000000000	89.0000000000000000	215.0000000000000000	35.0000000000000000	126.0000000000000000	541.0000000000000000	-45.0000000000000000	-35.0000000000000000
RG3_JPN225_PERIOD_M5_1785715200_1786060800_16673594142441126755	10	1786030800	14	65348.0000000000000000	65363.0000000000000000	65317.0000000000000000	65320.0000000000000000	1	100.0355455601119559	65437.0000000000000000	117.0000000000000000	215.0000000000000000	35.0000000000000000	98.0000000000000000	569.0000000000000000	28.0000000000000000	73.0000000000000000
RG3_JPN225_PERIOD_M5_1785715200_1786060800_16673594142441126755	10	1786031100	15	65323.0000000000000000	65362.0000000000000000	65312.0000000000000000	65357.0000000000000000	1	100.0355455601119559	65437.0000000000000000	80.0000000000000000	215.0000000000000000	35.0000000000000000	135.0000000000000000	606.0000000000000000	-37.0000000000000000	-65.0000000000000000
RG3_JPN225_PERIOD_M5_1785715200_1786060800_16673594142441126755	10	1786031400	16	65363.0000000000000000	65373.0000000000000000	65318.0000000000000000	65342.0000000000000000	1	100.0355455601119559	65437.0000000000000000	95.0000000000000000	215.0000000000000000	35.0000000000000000	120.0000000000000000	621.0000000000000000	15.0000000000000000	52.0000000000000000
RG3_JPN225_PERIOD_M5_1785715200_1786060800_16673594142441126755	10	1786031700	17	65342.0000000000000000	65353.0000000000000000	65297.0000000000000000	65298.0000000000000000	1	100.0355455601119559	65437.0000000000000000	139.0000000000000000	215.0000000000000000	35.0000000000000000	76.0000000000000000	665.0000000000000000	44.0000000000000000	29.0000000000000000
RG3_JPN225_PERIOD_M5_1785715200_1786060800_16673594142441126755	10	1786032000	18	65297.0000000000000000	65302.0000000000000000	65218.0000000000000000	65218.0000000000000000	1	100.0355455601119559	65437.0000000000000000	219.0000000000000000	219.0000000000000000	35.0000000000000000	0.0000000000000000	745.0000000000000000	80.0000000000000000	36.0000000000000000
RG3_JPN225_PERIOD_M5_1785715200_1786060800_16673594142441126755	10	1786032300	19	65218.0000000000000000	65238.0000000000000000	65153.0000000000000000	65173.0000000000000000	1	100.0355455601119559	65437.0000000000000000	264.0000000000000000	264.0000000000000000	35.0000000000000000	0.0000000000000000	790.0000000000000000	45.0000000000000000	-35.0000000000000000
RG3_JPN225_PERIOD_M5_1785715200_1786060800_16673594142441126755	10	1786032600	20	65173.0000000000000000	65188.0000000000000000	65127.0000000000000000	65142.0000000000000000	1	100.0355455601119559	65437.0000000000000000	295.0000000000000000	295.0000000000000000	35.0000000000000000	0.0000000000000000	821.0000000000000000	31.0000000000000000	-14.0000000000000000
RG3_JPN225_PERIOD_M5_1785715200_1786060800_16673594142441126755	10	1786032900	21	65142.0000000000000000	65178.0000000000000000	65121.0000000000000000	65172.0000000000000000	1	100.0355455601119559	65437.0000000000000000	265.0000000000000000	295.0000000000000000	35.0000000000000000	30.0000000000000000	851.0000000000000000	-30.0000000000000000	-61.0000000000000000
RG3_JPN225_PERIOD_M5_1785715200_1786060800_16673594142441126755	10	1786033200	22	65168.0000000000000000	65192.0000000000000000	65148.0000000000000000	65173.0000000000000000	1	100.0355455601119559	65437.0000000000000000	264.0000000000000000	295.0000000000000000	35.0000000000000000	31.0000000000000000	852.0000000000000000	-1.0000000000000000	29.0000000000000000
RG3_JPN225_PERIOD_M5_1785715200_1786060800_16673594142441126755	10	1786033500	23	65173.0000000000000000	65173.0000000000000000	65082.0000000000000000	65097.0000000000000000	1	100.0355455601119559	65437.0000000000000000	340.0000000000000000	340.0000000000000000	35.0000000000000000	0.0000000000000000	928.0000000000000000	76.0000000000000000	77.0000000000000000
RG3_JPN225_PERIOD_M5_1785715200_1786060800_16673594142441126755	10	1786033800	24	65097.0000000000000000	65138.0000000000000000	64917.0000000000000000	65127.0000000000000000	1	100.0355455601119559	65437.0000000000000000	310.0000000000000000	340.0000000000000000	35.0000000000000000	30.0000000000000000	958.0000000000000000	-30.0000000000000000	-106.0000000000000000
RG3_JPN225_PERIOD_M5_1785715200_1786060800_16673594142441126755	10	1786034100	25	65127.0000000000000000	65295.0000000000000000	65095.0000000000000000	65263.0000000000000000	1	100.0355455601119559	65437.0000000000000000	174.0000000000000000	340.0000000000000000	35.0000000000000000	166.0000000000000000	1094.0000000000000000	-136.0000000000000000	-106.0000000000000000
RG3_JPN225_PERIOD_M5_1785715200_1786060800_16673594142441126755	10	1786034400	26	65260.0000000000000000	65450.0000000000000000	65253.0000000000000000	65422.0000000000000000	1	100.0355455601119559	65437.0000000000000000	15.0000000000000000	340.0000000000000000	35.0000000000000000	325.0000000000000000	1253.0000000000000000	-159.0000000000000000	-23.0000000000000000
RG3_JPN225_PERIOD_M5_1785715200_1786060800_16673594142441126755	10	1786034700	27	65423.0000000000000000	65548.0000000000000000	65373.0000000000000000	65535.0000000000000000	1	100.0355455601119559	65437.0000000000000000	-98.0000000000000000	340.0000000000000000	98.0000000000000000	438.0000000000000000	1366.0000000000000000	-113.0000000000000000	46.0000000000000000
RG3_JPN225_PERIOD_M5_1785715200_1786060800_16673594142441126755	10	1786035000	28	65537.0000000000000000	65602.0000000000000000	65493.0000000000000000	65577.0000000000000000	1	100.0355455601119559	65437.0000000000000000	-140.0000000000000000	340.0000000000000000	140.0000000000000000	480.0000000000000000	1408.0000000000000000	-42.0000000000000000	71.0000000000000000
RG3_JPN225_PERIOD_M5_1785715200_1786060800_16673594142441126755	10	1786035300	29	65577.0000000000000000	65750.0000000000000000	65560.0000000000000000	65738.0000000000000000	1	100.0355455601119559	65437.0000000000000000	-301.0000000000000000	340.0000000000000000	301.0000000000000000	641.0000000000000000	1569.0000000000000000	-161.0000000000000000	-119.0000000000000000
RG3_JPN225_PERIOD_M5_1785715200_1786060800_16673594142441126755	10	1786035600	30	65738.0000000000000000	65787.0000000000000000	65663.0000000000000000	65737.0000000000000000	1	100.0355455601119559	65437.0000000000000000	-300.0000000000000000	340.0000000000000000	301.0000000000000000	640.0000000000000000	1570.0000000000000000	1.0000000000000000	162.0000000000000000
RG3_JPN225_PERIOD_M5_1785715200_1786060800_16673594142441126755	10	1786035900	31	65737.0000000000000000	65942.0000000000000000	65735.0000000000000000	65935.0000000000000000	1	100.0355455601119559	65437.0000000000000000	-498.0000000000000000	340.0000000000000000	498.0000000000000000	838.0000000000000000	1768.0000000000000000	-198.0000000000000000	-199.0000000000000000
RG3_JPN225_PERIOD_M5_1785715200_1786060800_16673594142441126755	10	1786036200	32	65937.0000000000000000	66078.0000000000000000	65931.0000000000000000	66027.0000000000000000	1	100.0355455601119559	65437.0000000000000000	-590.0000000000000000	340.0000000000000000	590.0000000000000000	930.0000000000000000	1860.0000000000000000	-92.0000000000000000	106.0000000000000000
RG3_JPN225_PERIOD_M5_1785715200_1786060800_16673594142441126755	10	1786036500	33	66025.0000000000000000	66207.0000000000000000	65998.0000000000000000	66183.0000000000000000	1	100.0355455601119559	65437.0000000000000000	-746.0000000000000000	340.0000000000000000	746.0000000000000000	1086.0000000000000000	2016.0000000000000000	-156.0000000000000000	-64.0000000000000000
RG3_JPN225_PERIOD_M5_1785715200_1786060800_16673594142441126755	10	1786036800	34	66182.0000000000000000	66243.0000000000000000	66143.0000000000000000	66172.0000000000000000	1	100.0355455601119559	65437.0000000000000000	-735.0000000000000000	340.0000000000000000	746.0000000000000000	1075.0000000000000000	2027.0000000000000000	11.0000000000000000	167.0000000000000000
RG3_JPN225_PERIOD_M5_1785715200_1786060800_16673594142441126755	10	1786037100	35	66172.0000000000000000	66210.0000000000000000	66113.0000000000000000	66177.0000000000000000	1	100.0355455601119559	65437.0000000000000000	-740.0000000000000000	340.0000000000000000	746.0000000000000000	1080.0000000000000000	2032.0000000000000000	-5.0000000000000000	-16.0000000000000000
RG3_JPN225_PERIOD_M5_1785715200_1786060800_16673594142441126755	10	1786037400	36	66182.0000000000000000	66332.0000000000000000	66182.0000000000000000	66325.0000000000000000	1	100.0355455601119559	65437.0000000000000000	-888.0000000000000000	340.0000000000000000	888.0000000000000000	1228.0000000000000000	2180.0000000000000000	-148.0000000000000000	-143.0000000000000000
RG3_JPN225_PERIOD_M5_1785715200_1786060800_16673594142441126755	10	1786037700	37	66323.0000000000000000	66347.0000000000000000	66115.0000000000000000	66115.0000000000000000	1	100.0355455601119559	65437.0000000000000000	-678.0000000000000000	340.0000000000000000	888.0000000000000000	1018.0000000000000000	2390.0000000000000000	210.0000000000000000	358.0000000000000000
RG3_JPN225_PERIOD_M5_1785715200_1786060800_16673594142441126755	10	1786038000	38	66115.0000000000000000	66187.0000000000000000	66087.0000000000000000	66092.0000000000000000	1	100.0355455601119559	65437.0000000000000000	-655.0000000000000000	340.0000000000000000	888.0000000000000000	995.0000000000000000	2413.0000000000000000	23.0000000000000000	-187.0000000000000000
RG3_JPN225_PERIOD_M5_1785715200_1786060800_16673594142441126755	10	1786038300	39	66092.0000000000000000	66092.0000000000000000	65967.0000000000000000	66013.0000000000000000	1	100.0355455601119559	65437.0000000000000000	-576.0000000000000000	340.0000000000000000	888.0000000000000000	916.0000000000000000	2492.0000000000000000	79.0000000000000000	56.0000000000000000
RG3_JPN225_PERIOD_M5_1785715200_1786060800_16673594142441126755	10	1786038600	40	66012.0000000000000000	66067.0000000000000000	65957.0000000000000000	66058.0000000000000000	1	100.0355455601119559	65437.0000000000000000	-621.0000000000000000	340.0000000000000000	888.0000000000000000	961.0000000000000000	2537.0000000000000000	-45.0000000000000000	-124.0000000000000000
RG3_JPN225_PERIOD_M5_1785715200_1786060800_16673594142441126755	10	1786038900	41	66058.0000000000000000	66149.0000000000000000	66041.0000000000000000	66133.0000000000000000	1	100.0355455601119559	65437.0000000000000000	-696.0000000000000000	340.0000000000000000	888.0000000000000000	1036.0000000000000000	2612.0000000000000000	-75.0000000000000000	-30.0000000000000000
RG3_JPN225_PERIOD_M5_1785715200_1786060800_16673594142441126755	10	1786039200	42	66135.0000000000000000	66175.0000000000000000	66088.0000000000000000	66132.0000000000000000	1	100.0355455601119559	65437.0000000000000000	-695.0000000000000000	340.0000000000000000	888.0000000000000000	1035.0000000000000000	2613.0000000000000000	1.0000000000000000	76.0000000000000000
RG3_JPN225_PERIOD_M5_1785715200_1786060800_16673594142441126755	10	1786039500	43	66132.0000000000000000	66243.0000000000000000	66123.0000000000000000	66240.0000000000000000	1	100.0355455601119559	65437.0000000000000000	-803.0000000000000000	340.0000000000000000	888.0000000000000000	1143.0000000000000000	2721.0000000000000000	-108.0000000000000000	-109.0000000000000000
RG3_JPN225_PERIOD_M5_1785715200_1786060800_16673594142441126755	10	1786039800	44	66240.0000000000000000	66283.0000000000000000	66213.0000000000000000	66222.0000000000000000	1	100.0355455601119559	65437.0000000000000000	-785.0000000000000000	340.0000000000000000	888.0000000000000000	1125.0000000000000000	2739.0000000000000000	18.0000000000000000	126.0000000000000000
RG3_JPN225_PERIOD_M5_1785715200_1786060800_16673594142441126755	10	1786040100	45	66222.0000000000000000	66235.0000000000000000	66073.0000000000000000	66073.0000000000000000	1	100.0355455601119559	65437.0000000000000000	-636.0000000000000000	340.0000000000000000	888.0000000000000000	976.0000000000000000	2888.0000000000000000	149.0000000000000000	131.0000000000000000
RG3_JPN225_PERIOD_M5_1785715200_1786060800_16673594142441126755	10	1786040400	46	66072.0000000000000000	66133.0000000000000000	66033.0000000000000000	66045.0000000000000000	1	100.0355455601119559	65437.0000000000000000	-608.0000000000000000	340.0000000000000000	888.0000000000000000	948.0000000000000000	2916.0000000000000000	28.0000000000000000	-121.0000000000000000
RG3_JPN225_PERIOD_M5_1785715200_1786060800_16673594142441126755	10	1786040700	47	66047.0000000000000000	66110.0000000000000000	66032.0000000000000000	66091.0000000000000000	1	100.0355455601119559	65437.0000000000000000	-654.0000000000000000	340.0000000000000000	888.0000000000000000	994.0000000000000000	2962.0000000000000000	-46.0000000000000000	-74.0000000000000000
RG3_JPN225_PERIOD_M5_1785715200_1786060800_16673594142441126755	10	1786041000	48	66093.0000000000000000	66138.0000000000000000	65980.0000000000000000	65980.0000000000000000	1	100.0355455601119559	65437.0000000000000000	-543.0000000000000000	340.0000000000000000	888.0000000000000000	883.0000000000000000	3073.0000000000000000	111.0000000000000000	157.0000000000000000
RG3_JPN225_PERIOD_M5_1785715200_1786060800_16673594142441126755	10	1786041300	49	65978.0000000000000000	66065.0000000000000000	65967.0000000000000000	66035.0000000000000000	1	100.0355455601119559	65437.0000000000000000	-598.0000000000000000	340.0000000000000000	888.0000000000000000	938.0000000000000000	3128.0000000000000000	-55.0000000000000000	-166.0000000000000000
RG3_JPN225_PERIOD_M5_1785715200_1786060800_16673594142441126755	10	1786041600	50	66037.0000000000000000	66060.0000000000000000	65927.0000000000000000	65937.0000000000000000	1	100.0355455601119559	65437.0000000000000000	-500.0000000000000000	340.0000000000000000	888.0000000000000000	840.0000000000000000	3226.0000000000000000	98.0000000000000000	153.0000000000000000
RG3_JPN225_PERIOD_M5_1785715200_1786060800_16673594142441126755	10	1786041900	51	65937.0000000000000000	66113.0000000000000000	65923.0000000000000000	66050.0000000000000000	1	100.0355455601119559	65437.0000000000000000	-613.0000000000000000	340.0000000000000000	888.0000000000000000	953.0000000000000000	3339.0000000000000000	-113.0000000000000000	-211.0000000000000000
RG3_JPN225_PERIOD_M5_1785715200_1786060800_16673594142441126755	10	1786042200	52	66050.0000000000000000	66097.0000000000000000	65880.0000000000000000	65893.0000000000000000	1	100.0355455601119559	65437.0000000000000000	-456.0000000000000000	340.0000000000000000	888.0000000000000000	796.0000000000000000	3496.0000000000000000	157.0000000000000000	270.0000000000000000
RG3_JPN225_PERIOD_M5_1785715200_1786060800_16673594142441126755	10	1786042500	53	65893.0000000000000000	65971.0000000000000000	65855.0000000000000000	65878.0000000000000000	1	100.0355455601119559	65437.0000000000000000	-441.0000000000000000	340.0000000000000000	888.0000000000000000	781.0000000000000000	3511.0000000000000000	15.0000000000000000	-142.0000000000000000
RG3_JPN225_PERIOD_M5_1785715200_1786060800_16673594142441126755	10	1786042800	54	65875.0000000000000000	65903.0000000000000000	65818.0000000000000000	65867.0000000000000000	1	100.0355455601119559	65437.0000000000000000	-430.0000000000000000	340.0000000000000000	888.0000000000000000	770.0000000000000000	3522.0000000000000000	11.0000000000000000	-4.0000000000000000
RG3_JPN225_PERIOD_M5_1785715200_1786060800_16673594142441126755	10	1786043100	55	65867.0000000000000000	65978.0000000000000000	65858.0000000000000000	65935.0000000000000000	1	100.0355455601119559	65437.0000000000000000	-498.0000000000000000	340.0000000000000000	888.0000000000000000	838.0000000000000000	3590.0000000000000000	-68.0000000000000000	-79.0000000000000000
RG3_JPN225_PERIOD_M5_1785715200_1786060800_16673594142441126755	10	1786043400	56	65933.0000000000000000	65968.0000000000000000	65847.0000000000000000	65853.0000000000000000	1	100.0355455601119559	65437.0000000000000000	-416.0000000000000000	340.0000000000000000	888.0000000000000000	756.0000000000000000	3672.0000000000000000	82.0000000000000000	150.0000000000000000
RG3_JPN225_PERIOD_M5_1785715200_1786060800_16673594142441126755	10	1786043700	57	65853.0000000000000000	65883.0000000000000000	65795.0000000000000000	65863.0000000000000000	1	100.0355455601119559	65437.0000000000000000	-426.0000000000000000	340.0000000000000000	888.0000000000000000	766.0000000000000000	3682.0000000000000000	-10.0000000000000000	-92.0000000000000000
RG3_JPN225_PERIOD_M5_1785715200_1786060800_16673594142441126755	10	1786044000	58	65865.0000000000000000	65875.0000000000000000	65743.0000000000000000	65818.0000000000000000	1	100.0355455601119559	65437.0000000000000000	-381.0000000000000000	340.0000000000000000	888.0000000000000000	721.0000000000000000	3727.0000000000000000	45.0000000000000000	55.0000000000000000
RG3_JPN225_PERIOD_M5_1785715200_1786060800_16673594142441126755	10	1786044300	59	65818.0000000000000000	65833.0000000000000000	65783.0000000000000000	65798.0000000000000000	1	100.0355455601119559	65437.0000000000000000	-361.0000000000000000	340.0000000000000000	888.0000000000000000	701.0000000000000000	3747.0000000000000000	20.0000000000000000	-25.0000000000000000
RG3_JPN225_PERIOD_M5_1785715200_1786060800_16673594142441126755	10	1786044600	60	65798.0000000000000000	65880.0000000000000000	65793.0000000000000000	65832.0000000000000000	1	100.0355455601119559	65437.0000000000000000	-395.0000000000000000	340.0000000000000000	888.0000000000000000	735.0000000000000000	3781.0000000000000000	-34.0000000000000000	-54.0000000000000000
RG3_JPN225_PERIOD_M5_1785715200_1786060800_16673594142441126755	10	1786044900	61	65830.0000000000000000	65900.0000000000000000	65823.0000000000000000	65900.0000000000000000	1	100.0355455601119559	65437.0000000000000000	-463.0000000000000000	340.0000000000000000	888.0000000000000000	803.0000000000000000	3849.0000000000000000	-68.0000000000000000	-34.0000000000000000
RG3_JPN225_PERIOD_M5_1785715200_1786060800_16673594142441126755	10	1786045200	62	65902.0000000000000000	65908.0000000000000000	65780.0000000000000000	65782.0000000000000000	1	100.0355455601119559	65437.0000000000000000	-345.0000000000000000	340.0000000000000000	888.0000000000000000	685.0000000000000000	3967.0000000000000000	118.0000000000000000	186.0000000000000000
RG3_JPN225_PERIOD_M5_1785715200_1786060800_16673594142441126755	10	1786045500	63	65782.0000000000000000	65838.0000000000000000	65748.0000000000000000	65837.0000000000000000	1	100.0355455601119559	65437.0000000000000000	-400.0000000000000000	340.0000000000000000	888.0000000000000000	740.0000000000000000	4022.0000000000000000	-55.0000000000000000	-173.0000000000000000
RG3_JPN225_PERIOD_M5_1785715200_1786060800_16673594142441126755	10	1786045800	64	65837.0000000000000000	65917.0000000000000000	65837.0000000000000000	65887.0000000000000000	1	100.0355455601119559	65437.0000000000000000	-450.0000000000000000	340.0000000000000000	888.0000000000000000	790.0000000000000000	4072.0000000000000000	-50.0000000000000000	5.0000000000000000
RG3_JPN225_PERIOD_M5_1785715200_1786060800_16673594142441126755	10	1786046100	65	65885.0000000000000000	65967.0000000000000000	65883.0000000000000000	65963.0000000000000000	1	100.0355455601119559	65437.0000000000000000	-526.0000000000000000	340.0000000000000000	888.0000000000000000	866.0000000000000000	4148.0000000000000000	-76.0000000000000000	-26.0000000000000000
RG3_JPN225_PERIOD_M5_1785715200_1786060800_16673594142441126755	10	1786046400	66	65963.0000000000000000	65985.0000000000000000	65922.0000000000000000	65928.0000000000000000	1	100.0355455601119559	65437.0000000000000000	-491.0000000000000000	340.0000000000000000	888.0000000000000000	831.0000000000000000	4183.0000000000000000	35.0000000000000000	111.0000000000000000
RG3_JPN225_PERIOD_M5_1785715200_1786060800_16673594142441126755	10	1786046700	67	65928.0000000000000000	65972.0000000000000000	65895.0000000000000000	65908.0000000000000000	1	100.0355455601119559	65437.0000000000000000	-471.0000000000000000	340.0000000000000000	888.0000000000000000	811.0000000000000000	4203.0000000000000000	20.0000000000000000	-15.0000000000000000
RG3_JPN225_PERIOD_M5_1785715200_1786060800_16673594142441126755	10	1786047000	68	65908.0000000000000000	65935.0000000000000000	65867.0000000000000000	65877.0000000000000000	1	100.0355455601119559	65437.0000000000000000	-440.0000000000000000	340.0000000000000000	888.0000000000000000	780.0000000000000000	4234.0000000000000000	31.0000000000000000	11.0000000000000000
RG3_JPN225_PERIOD_M5_1785715200_1786060800_16673594142441126755	10	1786047300	69	65877.0000000000000000	65923.0000000000000000	65848.0000000000000000	65907.0000000000000000	1	100.0355455601119559	65437.0000000000000000	-470.0000000000000000	340.0000000000000000	888.0000000000000000	810.0000000000000000	4264.0000000000000000	-30.0000000000000000	-61.0000000000000000
RG3_JPN225_PERIOD_M5_1785715200_1786060800_16673594142441126755	10	1786047600	70	65907.0000000000000000	65927.0000000000000000	65857.0000000000000000	65863.0000000000000000	1	100.0355455601119559	65437.0000000000000000	-426.0000000000000000	340.0000000000000000	888.0000000000000000	766.0000000000000000	4308.0000000000000000	44.0000000000000000	74.0000000000000000
RG3_JPN225_PERIOD_M5_1785715200_1786060800_16673594142441126755	10	1786047900	71	65863.0000000000000000	65917.0000000000000000	65848.0000000000000000	65850.0000000000000000	2	100.0355455601119559	65437.0000000000000000	-413.0000000000000000	340.0000000000000000	888.0000000000000000	753.0000000000000000	4321.0000000000000000	13.0000000000000000	-31.0000000000000000
RG3_JPN225_PERIOD_M5_1785715200_1786060800_16673594142441126755	11	1786056000	0	65603.0000000000000000	65613.0000000000000000	65557.0000000000000000	65588.0000000000000000	1	99.3314320430344395	65588.0000000000000000	0.0000000000000000	0.0000000000000000	0.0000000000000000	0.0000000000000000	0.0000000000000000	0.0000000000000000	0.0000000000000000
RG3_JPN225_PERIOD_M5_1785715200_1786060800_16673594142441126755	11	1786056300	1	65588.0000000000000000	65608.0000000000000000	65556.0000000000000000	65601.0000000000000000	1	99.3314320430344395	65588.0000000000000000	-13.0000000000000000	0.0000000000000000	13.0000000000000000	13.0000000000000000	13.0000000000000000	-13.0000000000000000	-13.0000000000000000
RG3_JPN225_PERIOD_M5_1785715200_1786060800_16673594142441126755	11	1786056600	2	65602.0000000000000000	65697.0000000000000000	65550.0000000000000000	65688.0000000000000000	1	99.3314320430344395	65588.0000000000000000	-100.0000000000000000	0.0000000000000000	100.0000000000000000	100.0000000000000000	100.0000000000000000	-87.0000000000000000	-74.0000000000000000
RG3_JPN225_PERIOD_M5_1785715200_1786060800_16673594142441126755	11	1786056900	3	65688.0000000000000000	65688.0000000000000000	65571.0000000000000000	65618.0000000000000000	1	99.3314320430344395	65588.0000000000000000	-30.0000000000000000	0.0000000000000000	100.0000000000000000	30.0000000000000000	170.0000000000000000	70.0000000000000000	157.0000000000000000
RG3_JPN225_PERIOD_M5_1785715200_1786060800_16673594142441126755	11	1786057200	4	65611.0000000000000000	65672.0000000000000000	65611.0000000000000000	65653.0000000000000000	1	99.3314320430344395	65588.0000000000000000	-65.0000000000000000	0.0000000000000000	100.0000000000000000	65.0000000000000000	205.0000000000000000	-35.0000000000000000	-105.0000000000000000
RG3_JPN225_PERIOD_M5_1785715200_1786060800_16673594142441126755	11	1786057500	5	65650.0000000000000000	65672.0000000000000000	65645.0000000000000000	65659.0000000000000000	1	99.3314320430344395	65588.0000000000000000	-71.0000000000000000	0.0000000000000000	100.0000000000000000	71.0000000000000000	211.0000000000000000	-6.0000000000000000	29.0000000000000000
RG3_JPN225_PERIOD_M5_1785715200_1786060800_16673594142441126755	11	1786057800	6	65658.0000000000000000	65672.0000000000000000	65630.0000000000000000	65633.0000000000000000	1	99.3314320430344395	65588.0000000000000000	-45.0000000000000000	0.0000000000000000	100.0000000000000000	45.0000000000000000	237.0000000000000000	26.0000000000000000	32.0000000000000000
RG3_JPN225_PERIOD_M5_1785715200_1786060800_16673594142441126755	11	1786058100	7	65633.0000000000000000	65658.0000000000000000	65610.0000000000000000	65620.0000000000000000	1	99.3314320430344395	65588.0000000000000000	-32.0000000000000000	0.0000000000000000	100.0000000000000000	32.0000000000000000	250.0000000000000000	13.0000000000000000	-13.0000000000000000
RG3_JPN225_PERIOD_M5_1785715200_1786060800_16673594142441126755	11	1786058400	8	65621.0000000000000000	65645.0000000000000000	65541.0000000000000000	65545.0000000000000000	1	99.3314320430344395	65588.0000000000000000	43.0000000000000000	43.0000000000000000	100.0000000000000000	0.0000000000000000	325.0000000000000000	75.0000000000000000	62.0000000000000000
RG3_JPN225_PERIOD_M5_1785715200_1786060800_16673594142441126755	11	1786058700	9	65541.0000000000000000	65557.0000000000000000	65501.0000000000000000	65528.0000000000000000	1	99.3314320430344395	65588.0000000000000000	60.0000000000000000	60.0000000000000000	100.0000000000000000	0.0000000000000000	342.0000000000000000	17.0000000000000000	-58.0000000000000000
RG3_JPN225_PERIOD_M5_1785715200_1786060800_16673594142441126755	11	1786059000	10	65526.0000000000000000	65540.0000000000000000	65505.0000000000000000	65525.0000000000000000	1	99.3314320430344395	65588.0000000000000000	63.0000000000000000	63.0000000000000000	100.0000000000000000	0.0000000000000000	345.0000000000000000	3.0000000000000000	-14.0000000000000000
RG3_JPN225_PERIOD_M5_1785715200_1786060800_16673594142441126755	11	1786059300	11	65525.0000000000000000	65538.0000000000000000	65481.0000000000000000	65525.0000000000000000	1	99.3314320430344395	65588.0000000000000000	63.0000000000000000	63.0000000000000000	100.0000000000000000	0.0000000000000000	345.0000000000000000	0.0000000000000000	-3.0000000000000000
RG3_JPN225_PERIOD_M5_1785715200_1786060800_16673594142441126755	11	1786059600	12	65525.0000000000000000	65545.0000000000000000	65516.0000000000000000	65533.0000000000000000	1	99.3314320430344395	65588.0000000000000000	55.0000000000000000	63.0000000000000000	100.0000000000000000	8.0000000000000000	353.0000000000000000	-8.0000000000000000	-8.0000000000000000
RG3_JPN225_PERIOD_M5_1785715200_1786060800_16673594142441126755	11	1786059900	13	65532.0000000000000000	65535.0000000000000000	65496.0000000000000000	65510.0000000000000000	1	99.3314320430344395	65588.0000000000000000	78.0000000000000000	78.0000000000000000	100.0000000000000000	0.0000000000000000	376.0000000000000000	23.0000000000000000	31.0000000000000000
RG3_JPN225_PERIOD_M5_1785715200_1786060800_16673594142441126755	11	1786060200	14	65510.0000000000000000	65533.0000000000000000	65501.0000000000000000	65526.0000000000000000	1	99.3314320430344395	65588.0000000000000000	62.0000000000000000	78.0000000000000000	100.0000000000000000	16.0000000000000000	392.0000000000000000	-16.0000000000000000	-39.0000000000000000
RG3_JPN225_PERIOD_M5_1785715200_1786060800_16673594142441126755	11	1786060500	15	65525.0000000000000000	65543.0000000000000000	65510.0000000000000000	65531.0000000000000000	1	99.3314320430344395	65588.0000000000000000	57.0000000000000000	78.0000000000000000	100.0000000000000000	21.0000000000000000	397.0000000000000000	-5.0000000000000000	11.0000000000000000
